11.500000	500
11.500000	501
12.900000	0
12.900000	1
12.900000	2
12.900000	3
12.900000	4
12.900000	5
12.900000	6
12.900000	7
12.900000	8
12.900000	9
12.900000	10
12.900000	11
12.900000	12
12.900000	13
12.900000	14
12.900000	15
12.900000	16
12.900000	17
12.900000	18
12.900000	19
12.900000	20
12.900000	21
12.900000	22
12.900000	23
12.900000	24
12.900000	25
12.900000	26
12.900000	27
12.900000	28
12.900000	29
12.900000	30
12.900000	31
12.900000	32
12.900000	33
12.900000	34
12.900000	35
12.900000	36
12.900000	37
12.900000	38
12.900000	39
12.900000	40
12.900000	41
12.900000	42
12.900000	43
12.900000	44
12.900000	45
12.900000	46
12.900000	47
12.900000	48
12.900000	49
12.900000	50
12.900000	51
12.900000	52
12.900000	53
12.900000	54
12.900000	55
12.900000	56
12.900000	59
12.900000	63
12.900000	64
12.900000	66
12.900000	67
12.900000	72
12.900000	74
12.900000	78
12.900000	81
12.900000	82
12.900000	84
12.900000	86
12.900000	87
12.900000	90
12.900000	91
12.900000	95
12.900000	99
12.900000	100
12.925000	57
12.925000	58
12.925000	60
12.925000	61
12.925000	62
12.925000	65
12.925000	68
12.925000	69
12.925000	70
12.925000	71
12.925000	73
12.925000	75
12.925000	76
12.925000	77
12.925000	79
12.925000	80
12.925000	83
12.925000	85
12.925000	88
12.925000	89
12.925000	92
12.925000	93
12.925000	94
12.925000	96
12.925000	97
12.925000	98
14.275000	505
14.550000	500
14.550000	501
14.850000	502
15.475000	521
15.500000	523
15.550000	522
15.575000	526
15.675000	525
16.975000	492
17.150000	101
17.775000	113
18.350000	114
18.475000	495
18.550000	103
18.900000	109
19.000000	47
19.325000	28
19.625000	105
19.675000	50
19.800000	64
19.975000	46
20.125000	33
20.150000	39
20.225000	493
20.300000	43
20.300000	45
20.325000	41
20.350000	48
20.575000	62
20.575000	508
20.625000	71
20.625000	499
20.650000	32
20.650000	44
20.750000	10
20.750000	59
20.775000	35
20.775000	37
20.825000	42
20.875000	104
20.875000	110
20.900000	123
20.975000	13
21.000000	54
21.025000	94
21.075000	23
21.100000	38
21.175000	16
21.175000	52
21.175000	501
21.250000	72
21.275000	20
21.300000	36
21.300000	49
21.350000	87
21.375000	488
21.375000	494
21.375000	500
21.400000	483
21.425000	482
21.450000	75
21.500000	66
21.525000	25
21.600000	27
21.600000	58
21.650000	21
21.650000	26
21.650000	40
21.700000	69
21.700000	106
21.725000	24
21.775000	19
21.775000	61
21.825000	115
21.850000	57
21.850000	76
21.925000	77
21.925000	88
21.925000	96
21.950000	92
22.000000	5
22.000000	83
22.025000	15
22.025000	65
22.025000	74
22.075000	91
22.150000	60
22.150000	84
22.325000	18
22.325000	121
22.425000	51
22.450000	100
22.475000	98
22.525000	56
22.550000	31
22.600000	505
22.625000	9
22.650000	82
22.675000	3
22.700000	55
22.825000	11
22.825000	79
22.850000	8
22.850000	63
22.850000	80
22.900000	90
22.950000	4
23.050000	67
23.075000	498
23.125000	133
23.450000	2
23.450000	30
23.550000	85
23.575000	99
23.625000	29
23.625000	95
23.650000	507
23.675000	97
23.700000	120
23.750000	470
23.775000	34
23.800000	81
23.800000	86
24.025000	502
24.050000	466
24.100000	478
24.125000	12
24.275000	78
24.425000	68
24.450000	526
24.475000	487
24.525000	17
24.550000	521
24.625000	497
24.650000	116
24.700000	1
24.700000	22
24.750000	464
24.775000	501
24.800000	469
24.825000	523
24.850000	484
24.850000	522
24.950000	14
25.075000	0
25.150000	70
25.200000	7
25.200000	93
25.200000	119
25.250000	476
25.275000	500
25.275000	525
25.350000	108
25.500000	101
25.525000	47
25.600000	73
25.725000	28
25.725000	492
25.800000	506
25.850000	486
25.950000	89
26.075000	107
26.150000	504
26.175000	491
26.325000	122
26.350000	6
26.375000	137
26.475000	139
26.500000	495
26.750000	50
26.775000	125
26.900000	64
26.900000	472
26.925000	458
26.925000	467
27.000000	53
27.025000	474
27.050000	33
27.050000	46
27.050000	111
27.125000	113
27.300000	114
27.375000	128
27.575000	460
27.600000	524
27.650000	480
27.675000	39
27.725000	468
27.800000	43
27.800000	45
27.850000	475
27.900000	48
28.025000	124
28.075000	103
28.075000	505
28.200000	41
28.200000	109
28.350000	62
28.575000	10
28.575000	140
28.600000	32
28.600000	59
28.600000	473
28.675000	44
28.700000	37
28.850000	35
28.850000	71
28.850000	94
28.875000	465
28.925000	496
29.150000	489
29.300000	42
29.375000	138
29.400000	13
29.475000	23
29.475000	54
29.475000	123
29.475000	490
29.500000	21
29.550000	129
29.650000	500
29.675000	471
29.725000	87
29.750000	501
29.775000	105
29.875000	38
30.025000	72
30.100000	52
30.100000	457
30.125000	16
30.175000	117
30.275000	479
30.300000	481
30.350000	20
30.350000	149
30.400000	131
30.425000	40
30.500000	75
30.500000	449
30.550000	26
30.550000	76
30.625000	83
30.650000	5
30.650000	49
30.700000	66
30.750000	25
30.775000	96
30.875000	455
30.950000	141
31.025000	58
31.050000	104
31.050000	461
31.100000	77
31.100000	144
31.175000	36
31.225000	27
31.225000	88
31.250000	15
31.300000	19
31.375000	69
31.375000	91
31.450000	4
31.450000	9
31.525000	115
31.575000	102
31.575000	130
31.750000	24
31.800000	498
31.825000	502
31.850000	3
31.875000	521
31.950000	483
31.950000	493
31.975000	452
32.025000	61
32.050000	18
32.075000	112
32.100000	57
32.100000	488
32.125000	132
32.150000	126
32.175000	526
32.250000	60
32.250000	74
32.400000	477
32.425000	65
32.500000	499
32.575000	160
32.600000	106
32.675000	505
32.700000	110
32.725000	82
32.750000	438
32.825000	84
32.850000	8
32.850000	11
32.875000	135
32.950000	28
33.025000	47
33.175000	98
33.175000	487
33.300000	459
33.325000	99
33.350000	51
33.350000	121
33.450000	56
33.450000	97
33.450000	522
33.450000	523
33.525000	500
33.575000	501
33.600000	470
33.625000	80
33.650000	79
33.725000	448
33.800000	525
33.875000	31
33.900000	100
33.950000	92
33.950000	494
33.975000	453
33.975000	469
33.975000	492
34.000000	95
34.000000	127
34.025000	133
34.075000	101
34.100000	482
34.125000	90
34.150000	55
34.150000	67
34.175000	50
34.200000	463
34.250000	63
34.350000	81
34.375000	485
34.375000	504
34.450000	85
34.500000	495
34.550000	119
34.600000	484
34.625000	2
34.675000	86
34.725000	118
34.725000	165
34.875000	29
34.900000	46
34.925000	478
35.000000	148
35.125000	33
35.125000	116
35.125000	142
35.150000	64
35.350000	108
35.375000	120
35.425000	464
35.525000	17
35.575000	48
35.650000	466
35.700000	486
35.800000	107
36.000000	68
36.025000	458
36.075000	39
36.225000	491
36.300000	45
36.325000	497
36.350000	125
36.525000	1
36.525000	30
36.525000	43
36.525000	158
36.525000	476
36.575000	433
36.650000	12
36.700000	41
36.900000	6
36.900000	94
36.900000	445
36.975000	59
37.025000	62
37.025000	139
37.025000	454
37.100000	447
37.150000	137
37.175000	114
37.175000	500
37.225000	480
37.250000	122
37.325000	450
37.325000	502
37.425000	34
37.425000	109
37.425000	524
37.450000	150
37.475000	164
37.475000	467
37.500000	128
37.500000	505
37.525000	159
37.550000	123
37.575000	35
37.575000	474
37.650000	78
37.650000	113
37.650000	472
37.750000	32
37.800000	460
37.850000	87
37.850000	103
37.900000	37
37.900000	440
37.900000	521
37.950000	93
37.975000	10
37.975000	89
37.975000	111
38.125000	42
38.125000	44
38.175000	442
38.225000	134
38.250000	21
38.250000	473
38.275000	468
38.300000	444
38.450000	7
38.450000	475
38.525000	71
38.600000	23
38.625000	124
38.700000	501
38.825000	426
38.925000	439
38.950000	471
39.100000	432
39.150000	38
39.150000	526
39.200000	73
39.275000	5
39.275000	489
39.350000	70
39.450000	16
39.475000	76
39.475000	83
39.475000	490
39.525000	105
39.700000	52
39.700000	54
39.750000	496
39.875000	75
39.875000	481
39.900000	96
39.925000	0
39.925000	91
40.000000	22
40.000000	72
40.000000	88
40.075000	13
40.100000	152
40.125000	151
40.150000	14
40.150000	49
40.150000	138
40.200000	449
40.225000	498
40.275000	4
40.300000	20
40.325000	129
40.325000	154
40.350000	15
40.350000	167
40.400000	115
40.450000	40
40.475000	522
40.550000	457
40.625000	9
40.675000	173
40.675000	504
40.725000	77
40.775000	28
40.825000	441
40.850000	47
40.900000	19
40.925000	3
40.925000	140
40.950000	131
40.975000	162
41.175000	455
41.300000	487
41.300000	523
41.325000	483
41.350000	26
41.425000	25
41.425000	461
41.450000	27
41.475000	505
41.500000	104
41.575000	117
41.575000	141
41.600000	132
41.600000	500
41.675000	50
41.700000	518
41.800000	451
41.925000	452
41.975000	525
42.050000	36
42.100000	24
42.100000	488
42.150000	66
42.150000	149
42.175000	58
42.225000	143
42.275000	465
42.325000	155
42.400000	61
42.500000	492
42.525000	69
42.550000	144
42.575000	18
42.600000	416
42.650000	46
42.650000	74
42.700000	135
42.775000	424
42.775000	470
42.800000	145
42.875000	84
42.875000	479
42.875000	501
42.900000	60
43.125000	106
43.125000	146
43.225000	11
43.250000	168
43.300000	469
43.325000	97
43.375000	495
43.450000	484
43.525000	98
43.550000	99
43.600000	110
43.650000	493
43.700000	33
43.725000	64
43.725000	456
43.750000	57
43.850000	126
43.900000	160
43.950000	8
43.950000	65
43.975000	499
44.000000	119
44.000000	453
44.050000	82
44.150000	458
44.175000	101
44.250000	39
44.275000	121
44.350000	502
44.425000	430
44.450000	157
44.450000	459
44.500000	125
44.500000	127
44.525000	464
44.550000	153
44.550000	477
44.550000	521
44.600000	170
44.650000	438
44.675000	186
44.700000	80
44.800000	130
44.825000	478
44.875000	112
44.975000	48
44.975000	95
45.050000	102
45.050000	133
45.050000	178
45.100000	116
45.125000	482
45.150000	172
45.200000	79
45.250000	486
45.300000	41
45.300000	448
45.300000	480
45.325000	165
45.425000	56
45.450000	526
45.550000	81
45.650000	120
45.675000	500
45.700000	45
45.700000	412
45.725000	524
45.800000	163
45.850000	148
45.850000	463
45.900000	43
45.975000	466
46.000000	94
46.025000	51
46.075000	467
46.125000	2
46.125000	90
46.175000	85
46.200000	55
46.300000	505
46.350000	109
46.400000	100
46.450000	86
46.450000	491
46.475000	462
46.475000	485
46.475000	504
46.500000	158
46.500000	509
46.525000	87
46.550000	142
46.575000	63
46.600000	107
46.775000	59
46.800000	67
46.825000	31
46.850000	108
46.850000	445
46.925000	92
46.950000	476
46.950000	522
46.975000	35
47.000000	166
47.025000	501
47.075000	175
47.075000	437
47.125000	150
47.150000	473
47.175000	5
47.200000	29
47.225000	139
47.225000	474
47.250000	123
47.275000	434
47.300000	17
47.350000	179
47.375000	114
47.400000	10
47.400000	164
47.500000	32
47.675000	62
47.750000	128
47.825000	174
47.850000	137
47.975000	37
47.975000	510
48.000000	443
48.000000	472
48.100000	191
48.150000	122
48.150000	415
48.175000	414
48.175000	460
48.225000	91
48.250000	1
48.275000	111
48.300000	156
48.350000	124
48.375000	497
48.475000	425
48.525000	21
48.575000	187
48.700000	468
48.750000	68
48.775000	471
48.850000	511
48.950000	6
48.950000	159
49.050000	28
49.075000	16
49.075000	444
49.075000	503
49.075000	523
49.100000	3
49.100000	105
49.175000	115
49.225000	442
49.225000	502
49.250000	481
49.300000	88
49.375000	136
49.375000	138
49.375000	169
49.400000	113
49.425000	184
49.450000	4
49.450000	96
49.475000	23
49.500000	42
49.500000	76
49.500000	411
49.575000	44
49.600000	118
49.650000	12
49.675000	494
49.700000	83
49.700000	487
49.725000	447
49.775000	71
49.775000	490
49.775000	500
49.800000	446
49.825000	103
49.850000	129
49.850000	496
49.850000	525
49.950000	9
50.025000	134
50.050000	449
50.075000	483
50.100000	433
50.225000	89
50.250000	489
50.250000	505
50.325000	498
50.425000	492
50.475000	521
50.500000	151
50.500000	413
50.575000	457
50.675000	423
50.700000	75
50.750000	38
50.750000	147
50.775000	52
50.825000	49
50.825000	93
50.850000	47
50.850000	77
50.850000	132
50.850000	426
50.875000	135
50.875000	404
50.925000	454
50.975000	40
50.975000	167
50.975000	455
51.000000	50
51.150000	432
51.175000	19
51.175000	408
51.225000	141
51.250000	143
51.300000	13
51.300000	475
51.300000	501
51.325000	15
51.325000	131
51.325000	484
51.375000	526
51.425000	72
51.450000	20
51.450000	421
51.525000	152
51.525000	440
51.775000	431
51.825000	461
51.850000	470
51.875000	54
51.975000	435
52.000000	195
52.150000	26
52.150000	458
52.200000	125
52.200000	452
52.225000	161
52.250000	520
52.300000	183
52.325000	46
52.375000	149
52.425000	64
52.475000	117
52.475000	144
52.525000	33
52.525000	104
52.525000	504
52.625000	451
52.700000	27
52.725000	162
52.775000	441
52.775000	480
52.800000	155
52.800000	469
52.875000	78
52.950000	140
52.950000	524
52.975000	436
53.025000	405
53.125000	419
53.250000	488
53.275000	181
53.350000	206
53.350000	522
53.400000	106
53.400000	173
53.450000	74
53.525000	25
53.550000	519
53.575000	61
53.600000	133
53.600000	459
53.650000	84
53.675000	495
53.675000	500
53.750000	160
53.875000	11
53.900000	439
53.925000	119
53.950000	97
54.050000	98
54.050000	464
54.075000	467
54.125000	453
54.150000	127
54.175000	58
54.200000	39
54.225000	109
54.250000	18
54.250000	165
54.325000	154
54.350000	400
54.375000	417
54.475000	192
54.500000	121
54.525000	60
54.525000	126
54.550000	427
54.625000	110
54.625000	200
54.625000	478
54.700000	5
54.750000	170
54.800000	407
54.850000	87
54.900000	505
54.925000	101
54.950000	463
55.025000	473
55.100000	66
55.100000	502
55.125000	14
55.200000	0
55.200000	168
55.200000	486
55.250000	24
55.250000	99
55.250000	176
55.250000	196
55.325000	148
55.400000	36
55.550000	30
55.550000	465
55.575000	8
55.600000	158
55.625000	157
55.675000	397
55.700000	501
55.775000	450
55.775000	456
55.800000	116
55.800000	420
55.825000	7
55.850000	178
55.925000	448
55.950000	70
56.025000	41
56.050000	34
56.075000	503
56.125000	145
56.200000	139
56.200000	499
56.225000	150
56.250000	120
56.275000	82
56.275000	477
56.300000	466
56.325000	123
56.325000	521
56.350000	45
56.375000	69
56.375000	95
56.400000	523
56.450000	482
56.475000	142
56.475000	172
56.500000	57
56.500000	94
56.575000	48
56.575000	80
56.575000	416
56.600000	130
56.650000	493
56.725000	401
56.750000	73
56.750000	491
56.775000	53
56.800000	409
56.825000	197
56.850000	438
56.975000	479
57.050000	445
57.125000	525
57.200000	3
57.200000	35
57.225000	164
57.300000	179
57.325000	153
57.350000	474
57.425000	424
57.425000	471
57.475000	166
57.475000	460
57.475000	500
57.700000	10
57.700000	210
57.725000	526
57.750000	85
57.775000	137
57.875000	437
57.950000	202
57.950000	412
57.975000	180
58.025000	43
58.075000	107
58.125000	492
58.225000	487
58.250000	91
58.275000	209
58.300000	182
58.350000	402
58.350000	429
58.400000	468
58.450000	59
58.475000	32
58.475000	430
58.500000	186
58.525000	2
58.550000	4
58.575000	28
58.575000	79
58.575000	425
58.600000	105
58.625000	485
58.650000	108
58.675000	65
58.675000	449
58.725000	124
58.725000	446
58.775000	122
58.775000	185
58.800000	102
58.800000	476
58.825000	37
58.825000	114
58.825000	175
58.900000	481
58.925000	88
58.925000	159
58.925000	193
58.925000	418
58.925000	504
58.975000	483
59.025000	128
59.050000	505
59.100000	138
59.125000	444
59.125000	472
59.175000	63
59.175000	111
59.200000	174
59.250000	522
59.275000	135
59.300000	457
59.325000	16
59.325000	81
59.400000	496
59.425000	96
59.525000	443
59.575000	115
59.600000	184
59.650000	55
59.650000	100
59.700000	151
59.725000	129
59.800000	90
59.800000	191
59.825000	396
59.825000	524
59.900000	455
59.925000	62
59.925000	67
59.925000	501
59.950000	47
59.975000	156
60.100000	56
60.125000	414
60.200000	22
60.200000	454
60.275000	411
60.325000	9
60.375000	23
60.400000	112
60.425000	143
60.450000	470
60.475000	29
60.475000	434
60.500000	484
60.600000	21
60.650000	502
60.750000	442
60.775000	415
60.775000	469
60.825000	64
60.850000	146
60.875000	211
60.875000	392
60.950000	389
60.975000	83
60.975000	167
60.975000	201
61.000000	17
61.025000	426
61.050000	134
61.100000	195
61.125000	86
61.125000	433
61.150000	31
61.150000	125
61.175000	163
61.200000	205
61.225000	6
61.250000	141
61.250000	390
61.275000	458
61.350000	490
61.375000	406
61.425000	187
61.425000	214
61.500000	13
61.550000	432
61.550000	500
61.575000	404
61.725000	75
61.750000	521
61.800000	132
61.825000	40
61.825000	222
61.850000	152
61.850000	447
61.900000	369
61.950000	76
61.975000	498
62.000000	44
62.050000	480
62.075000	103
62.100000	461
62.150000	50
62.150000	451
62.175000	1
62.250000	131
62.325000	118
62.350000	113
62.350000	423
62.375000	489
62.450000	393
62.475000	149
62.575000	144
62.600000	33
62.650000	19
62.650000	77
62.675000	505
62.725000	133
62.775000	441
62.800000	26
62.800000	405
62.825000	497
62.850000	155
62.875000	399
62.875000	431
62.900000	452
62.950000	394
62.975000	72
63.000000	475
63.025000	71
63.050000	51
63.050000	136
63.050000	413
63.050000	503
63.050000	523
63.125000	376
63.200000	38
63.225000	525
63.325000	161
63.325000	165
63.350000	46
63.350000	117
63.375000	162
63.400000	20
63.400000	92
63.475000	15
63.550000	158
63.550000	464
63.625000	177
63.700000	459
63.725000	467
63.750000	160
63.800000	5
63.825000	42
63.825000	223
63.825000	395
63.850000	403
63.875000	147
63.900000	220
64.000000	526
64.050000	440
64.075000	54
64.075000	225
64.100000	12
64.150000	106
64.175000	119
64.200000	495
64.225000	109
64.225000	501
64.300000	87
64.375000	121
64.400000	89
64.400000	408
64.425000	439
64.475000	204
64.475000	463
64.525000	488
64.550000	473
64.575000	375
64.625000	127
64.625000	504
64.650000	49
64.650000	170
64.775000	218
64.850000	154
64.925000	203
64.925000	478
64.975000	27
64.975000	104
65.000000	68
65.050000	84
65.050000	232
65.100000	192
65.150000	52
65.250000	148
65.275000	419
65.400000	435
65.500000	500
65.550000	235
65.575000	360
65.600000	94
65.600000	173
65.625000	189
65.650000	407
65.650000	453
65.675000	101
65.675000	522
65.725000	97
65.750000	61
65.775000	110
65.800000	181
65.800000	502
65.800000	524
65.825000	172
65.825000	400
65.925000	378
66.025000	164
66.025000	486
66.050000	422
66.100000	448
66.100000	471
66.125000	98
66.125000	179
66.200000	74
66.250000	39
66.275000	123
66.275000	140
66.300000	398
66.325000	3
66.350000	150
66.350000	227
66.375000	421
66.400000	213
66.425000	397
66.450000	11
66.450000	492
66.475000	417
66.525000	401
66.650000	380
66.650000	445
66.675000	126
66.675000	384
66.725000	60
66.725000	382
66.775000	460
66.800000	116
66.825000	18
66.825000	183
66.850000	217
66.925000	381
66.975000	139
66.975000	505
67.000000	166
67.025000	25
67.050000	142
67.050000	199
67.050000	427
67.100000	178
67.125000	449
67.150000	487
67.175000	157
67.175000	215
67.175000	425
67.200000	41
67.275000	120
67.325000	10
67.325000	93
67.375000	364
67.375000	368
67.525000	200
67.525000	521
67.550000	58
67.700000	45
67.775000	169
67.775000	474
67.975000	99
67.975000	216
67.975000	446
68.000000	456
68.050000	24
68.050000	437
68.100000	153
68.100000	477
68.175000	208
68.225000	501
68.300000	438
68.325000	198
68.325000	409
68.350000	138
68.350000	188
68.375000	4
68.475000	35
68.475000	466
68.525000	168
68.525000	356
68.525000	455
68.525000	503
68.575000	159
68.675000	482
68.800000	95
68.850000	135
68.850000	465
68.950000	137
69.075000	483
69.075000	500
69.175000	143
69.200000	96
69.225000	210
69.250000	496
69.275000	57
69.300000	352
69.325000	48
69.325000	115
69.325000	174
69.375000	371
69.400000	47
69.400000	145
69.400000	151
69.425000	182
69.425000	525
69.525000	37
69.525000	78
69.575000	504
69.575000	523
69.600000	91
69.600000	212
69.675000	69
69.700000	491
69.725000	202
69.725000	385
69.775000	122
69.775000	129
69.775000	444
69.800000	193
69.850000	457
69.850000	468
69.900000	416
69.900000	418
69.900000	430
69.925000	105
69.925000	207
69.950000	88
69.975000	228
70.000000	36
70.000000	186
70.000000	411
70.025000	190
70.025000	481
70.050000	85
70.050000	206
70.100000	130
70.100000	499
70.125000	175
70.175000	32
70.175000	494
70.275000	8
70.275000	429
70.300000	125
70.350000	28
70.375000	167
70.400000	526
70.425000	450
70.450000	383
70.475000	386
70.500000	502
70.525000	238
70.600000	114
70.600000	412
70.600000	454
70.625000	402
70.700000	387
70.700000	458
70.725000	432
70.750000	479
70.775000	184
70.775000	406
70.800000	390
70.825000	124
70.825000	469
70.850000	372
70.850000	420
70.900000	195
70.900000	374
71.050000	176
71.100000	426
71.150000	80
71.200000	180
71.275000	505
71.400000	2
71.400000	197
71.400000	472
71.425000	470
71.525000	107
71.525000	443
71.550000	43
71.575000	185
71.625000	108
71.650000	79
71.750000	362
71.875000	501
71.900000	82
71.950000	16
71.950000	152
71.975000	158
72.000000	156
72.000000	187
72.025000	522
72.100000	476
72.125000	66
72.150000	415
72.150000	451
72.150000	524
72.175000	484
72.200000	191
72.225000	480
72.275000	171
72.400000	59
72.450000	214
72.450000	231
72.475000	414
72.500000	433
72.500000	500
72.525000	424
72.550000	133
72.575000	9
72.575000	128
72.650000	163
72.675000	111
72.775000	388
72.800000	239
72.800000	370
72.825000	436
72.875000	442
72.900000	405
72.925000	358
72.925000	423
73.025000	64
73.025000	141
73.025000	367
73.050000	23
73.050000	521
73.125000	462
73.150000	165
73.150000	264
73.200000	75
73.275000	83
73.275000	431
73.375000	170
73.375000	404
73.400000	155
73.475000	5
73.475000	149
73.600000	434
73.650000	144
73.700000	100
73.775000	396
73.875000	134
73.900000	62
73.925000	249
73.950000	366
74.000000	461
74.025000	160
74.075000	447
74.150000	211
74.150000	354
74.175000	65
74.275000	196
74.300000	464
74.325000	21
74.350000	452
74.350000	503
74.375000	353
74.425000	222
74.425000	392
74.425000	467
74.450000	204
74.475000	209
74.550000	132
74.550000	172
74.575000	391
74.600000	102
74.650000	6
74.650000	395
74.675000	361
74.675000	441
74.700000	345
74.725000	475
74.750000	162
74.750000	192
74.750000	220
74.750000	377
74.775000	205
74.775000	359
74.800000	131
74.800000	201
74.875000	504
74.975000	67
75.000000	502
75.125000	389
75.125000	505
75.175000	225
75.200000	177
75.225000	369
75.250000	164
75.275000	161
75.275000	490
75.300000	50
75.325000	408
75.350000	463
75.425000	393
75.450000	473
75.475000	425
75.500000	179
75.550000	525
75.575000	230
75.575000	242
75.575000	375
75.575000	489
75.600000	166
75.600000	365
75.600000	403
75.600000	485
75.625000	401
75.650000	87
75.650000	154
75.725000	203
75.725000	523
75.800000	76
75.900000	439
75.925000	394
75.950000	360
75.950000	400
75.975000	121
76.000000	234
76.000000	376
76.075000	173
76.075000	459
76.100000	448
76.150000	55
76.175000	123
76.175000	501
76.350000	148
76.350000	413
76.400000	146
76.400000	147
76.475000	19
76.500000	103
76.525000	29
76.550000	81
76.575000	33
76.575000	117
76.675000	136
76.700000	229
76.700000	407
76.775000	119
76.800000	492
76.850000	15
76.925000	373
76.925000	445
76.975000	397
76.975000	471
76.975000	526
77.000000	113
77.000000	449
77.025000	350
77.025000	399
77.075000	223
77.100000	498
77.200000	150
77.200000	460
77.325000	3
77.350000	178
77.375000	487
77.400000	453
77.400000	500
77.425000	139
77.450000	382
77.500000	251
77.525000	127
77.575000	232
77.575000	478
77.650000	1
77.650000	410
77.725000	218
77.775000	94
77.800000	200
77.850000	428
77.900000	524
77.925000	159
77.950000	437
78.000000	138
78.000000	235
78.000000	384
78.025000	409
78.050000	227
78.075000	157
78.125000	421
78.150000	378
78.175000	38
78.250000	72
78.250000	116
78.325000	77
78.325000	488
78.375000	109
78.375000	422
78.400000	46
78.400000	368
78.500000	125
78.500000	199
78.500000	210
78.550000	40
78.650000	213
78.650000	522
78.675000	101
78.675000	455
78.700000	236
78.800000	153
78.800000	503
78.875000	521
78.900000	106
78.900000	151
78.975000	432
78.975000	446
79.000000	233
79.025000	266
79.025000	346
79.075000	495
79.125000	181
79.150000	20
79.150000	381
79.200000	110
79.200000	118
79.225000	13
79.225000	363
79.225000	505
79.250000	427
79.275000	504
79.350000	142
79.350000	193
79.375000	237
79.375000	356
79.400000	486
79.425000	435
79.450000	167
79.450000	349
79.475000	355
79.525000	380
79.625000	97
79.625000	182
79.625000	438
79.650000	411
79.775000	406
79.825000	344
79.825000	418
79.850000	332
79.850000	334
79.850000	419
79.875000	86
79.900000	198
79.975000	143
80.000000	430
80.050000	501
80.125000	502
80.250000	195
80.250000	216
80.350000	398
80.350000	417
80.400000	250
80.400000	426
80.400000	474
80.525000	188
80.575000	252
80.575000	357
80.575000	364
80.625000	429
80.650000	174
80.675000	96
80.675000	135
80.675000	444
80.725000	212
80.750000	189
80.750000	390
80.775000	175
80.800000	248
80.850000	371
80.925000	120
80.925000	202
80.975000	217
81.000000	186
81.025000	115
81.150000	122
81.175000	221
81.175000	458
81.200000	500
81.225000	104
81.250000	260
81.275000	372
81.300000	454
81.400000	420
81.425000	374
81.425000	412
81.475000	183
81.475000	215
81.475000	226
81.475000	379
81.525000	140
81.525000	440
81.550000	256
81.625000	10
81.625000	483
81.650000	129
81.650000	525
81.725000	158
81.725000	208
81.750000	259
81.750000	496
81.850000	352
81.925000	126
81.925000	184
81.975000	387
82.075000	0
82.075000	137
82.100000	523
82.150000	63
82.175000	477
82.200000	26
82.225000	385
82.250000	42
82.275000	337
82.300000	207
82.375000	228
82.400000	383
82.425000	431
82.450000	206
82.600000	416
82.625000	457
82.725000	358
82.750000	35
82.750000	470
82.925000	370
82.950000	84
82.975000	402
83.000000	170
83.000000	405
83.000000	423
83.000000	456
83.000000	503
83.025000	246
83.075000	61
83.175000	17
83.200000	90
83.200000	526
83.225000	451
83.250000	105
83.250000	144
83.300000	466
83.325000	342
83.325000	414
83.350000	219
83.375000	469
83.400000	465
83.450000	191
83.525000	351
83.525000	415
83.525000	480
83.550000	505
83.600000	328
83.600000	524
83.650000	152
83.675000	367
83.700000	37
83.725000	211
83.750000	145
83.750000	187
83.800000	362
83.825000	168
83.825000	264
83.825000	468
83.875000	331
83.950000	253
84.000000	185
84.000000	340
84.025000	133
84.025000	172
84.025000	404
84.075000	204
84.075000	395
84.100000	44
84.100000	464
84.125000	375
84.150000	442
84.200000	504
84.225000	272
84.250000	156
84.250000	443
84.275000	192
84.300000	254
84.300000	502
84.375000	180
84.425000	472
84.475000	98
84.475000	165
84.475000	166
84.525000	214
84.650000	386
84.650000	481
84.675000	501
84.675000	521
84.700000	225
84.775000	95
84.775000	401
84.800000	169
84.875000	160
84.950000	130
84.975000	377
85.000000	425
85.125000	155
85.175000	452
85.200000	162
85.200000	194
85.200000	268
85.250000	163
85.250000	197
85.275000	400
85.300000	482
85.350000	107
85.400000	467
85.425000	149
85.450000	388
85.475000	231
85.500000	522
85.525000	88
85.625000	353
85.725000	320
85.725000	389
85.775000	164
85.800000	124
85.825000	491
85.850000	354
85.900000	382
85.925000	397
85.975000	345
86.075000	203
86.125000	393
86.150000	391
86.200000	114
86.275000	318
86.325000	49
86.350000	91
86.350000	171
86.350000	179
86.375000	434
86.375000	484
86.425000	220
86.450000	461
86.500000	28
86.550000	176
86.575000	21
86.575000	394
86.575000	450
86.675000	238
86.675000	288
86.700000	360
86.725000	177
86.775000	161
86.775000	366
86.775000	396
86.875000	500
86.900000	281
86.900000	441
86.900000	479
86.950000	209
87.025000	376
87.075000	261
87.125000	159
87.200000	369
87.200000	447
87.225000	347
87.250000	111
87.300000	433
87.325000	439
87.325000	525
87.375000	408
87.425000	205
87.475000	242
87.475000	448
87.525000	249
87.600000	196
87.700000	27
87.700000	108
87.700000	138
87.750000	227
87.850000	85
87.850000	321
87.850000	392
87.875000	223
87.875000	463
87.900000	139
87.925000	384
87.925000	503
87.950000	230
87.950000	359
87.975000	131
87.975000	262
88.000000	326
88.000000	378
88.025000	399
88.050000	154
88.050000	178
88.050000	222
88.075000	150
88.100000	5
88.100000	125
88.100000	239
88.125000	173
88.125000	409
88.125000	505
88.175000	350
88.225000	200
88.300000	407
88.300000	523
88.325000	368
88.325000	406
88.350000	243
88.375000	343
88.450000	234
88.475000	445
88.475000	471
88.500000	365
88.525000	424
88.525000	502
88.550000	123
88.575000	4
88.600000	151
88.625000	322
88.725000	210
88.725000	335
88.725000	476
88.750000	240
88.800000	449
88.825000	235
88.850000	504
88.925000	330
88.975000	134
88.975000	167
88.975000	410
89.000000	9
89.025000	16
89.025000	336
89.075000	501
89.125000	346
89.125000	437
89.150000	403
89.150000	455
89.175000	52
89.175000	432
89.175000	487
89.200000	327
89.225000	418
89.225000	473
89.250000	524
89.275000	413
89.350000	128
89.450000	355
89.475000	453
89.525000	273
89.600000	60
89.600000	213
89.600000	390
89.600000	475
89.675000	193
89.675000	218
89.725000	380
89.725000	430
89.775000	199
89.775000	245
89.800000	148
89.825000	526
89.875000	3
89.875000	460
89.900000	436
89.925000	121
89.925000	277
89.950000	147
89.950000	157
90.000000	195
90.025000	381
90.125000	356
90.125000	361
90.150000	265
90.150000	317
90.175000	251
90.200000	357
90.250000	182
90.300000	341
90.325000	190
90.325000	232
90.350000	289
90.375000	212
90.575000	275
90.650000	422
90.725000	521
90.825000	132
90.875000	266
90.950000	282
91.000000	201
91.000000	310
91.050000	153
91.125000	136
91.200000	308
91.200000	478
91.250000	216
91.275000	372
91.275000	426
91.375000	364
91.400000	387
91.425000	141
91.450000	429
91.475000	374
91.475000	446
91.500000	344
91.500000	348
91.525000	444
91.600000	198
91.625000	492
91.750000	142
91.800000	127
91.800000	279
91.825000	158
91.875000	411
91.925000	302
91.950000	256
91.975000	522
92.025000	116
92.075000	113
92.100000	233
92.100000	358
92.100000	505
92.150000	186
92.150000	503
92.175000	371
92.175000	500
92.200000	119
92.225000	202
92.350000	332
92.400000	284
92.425000	300
92.475000	287
92.500000	427
92.525000	431
92.575000	236
92.600000	421
92.600000	458
92.650000	423
92.675000	303
92.700000	489
92.750000	405
92.750000	412
92.825000	373
92.850000	339
92.850000	525
92.875000	117
92.875000	312
92.900000	170
92.975000	204
93.025000	502
93.050000	278
93.075000	362
93.100000	181
93.100000	191
93.100000	304
93.125000	206
93.125000	334
93.150000	188
93.150000	229
93.150000	370
93.200000	207
93.200000	385
93.225000	438
93.325000	228
93.325000	480
93.375000	398
93.375000	504
93.400000	184
93.425000	146
93.425000	211
93.425000	375
93.450000	237
93.475000	319
93.475000	352
93.500000	189
93.550000	143
93.550000	315
93.550000	316
93.625000	286
93.700000	241
93.700000	324
93.725000	329
93.725000	454
93.750000	174
93.750000	250
93.825000	313
93.875000	255
93.875000	337
93.900000	501
93.925000	420
93.950000	309
93.975000	363
94.000000	333
94.000000	349
94.025000	225
94.050000	401
94.050000	488
94.100000	172
94.100000	400
94.125000	459
94.150000	175
94.175000	226
94.225000	252
94.250000	217
94.275000	395
94.400000	135
94.425000	464
94.450000	271
94.475000	486
94.525000	354
94.550000	425
94.625000	248
94.725000	383
94.725000	523
94.800000	301
94.900000	306
94.950000	144
94.950000	260
94.975000	208
94.975000	295
94.975000	404
95.000000	397
95.025000	270
95.025000	442
95.050000	162
95.050000	331
95.050000	517
95.075000	367
95.175000	166
95.175000	320
95.200000	483
95.200000	496
95.225000	214
95.225000	351
95.275000	325
95.275000	524
95.425000	187
95.425000	258
95.475000	402
95.550000	268
95.550000	415
95.600000	288
95.600000	382
95.625000	259
95.625000	340
95.650000	165
95.650000	285
95.700000	192
95.700000	377
95.725000	267
95.800000	276
95.825000	160
95.850000	414
95.875000	457
95.925000	122
95.925000	338
95.950000	272
96.025000	231
96.025000	264
96.050000	328
96.200000	503
96.225000	298
96.225000	417
96.275000	389
96.300000	419
96.325000	345
96.325000	386
96.325000	451
96.375000	133
96.400000	526
96.475000	246
96.550000	406
96.550000	505
96.625000	512
96.675000	244
96.700000	156
96.725000	435
96.775000	220
96.825000	360
96.825000	521
96.975000	353
97.050000	254
97.050000	326
97.050000	416
97.150000	393
97.200000	269
97.225000	183
97.225000	502
97.250000	504
97.275000	485
97.300000	197
97.325000	283
97.325000	297
97.325000	368
97.350000	155
97.350000	215
97.375000	516
97.425000	249
97.425000	318
97.625000	443
97.650000	159
97.675000	227
97.725000	253
97.775000	129
97.775000	281
97.825000	164
97.825000	369
97.850000	152
97.900000	83
97.900000	525
97.925000	179
97.925000	247
98.050000	314
98.075000	350
98.075000	391
98.100000	223
98.100000	378
98.100000	394
98.150000	203
98.150000	299
98.175000	470
98.200000	342
98.225000	409
98.250000	292
98.250000	327
98.250000	376
98.275000	317
98.350000	522
98.425000	185
98.425000	355
98.450000	357
98.475000	343
98.500000	290
98.500000	500
98.600000	224
98.650000	452
98.700000	161
98.700000	239
98.750000	96
98.850000	210
98.925000	308
98.925000	323
99.025000	293
99.025000	384
99.075000	235
99.075000	282
99.100000	321
99.125000	242
99.125000	366
99.150000	140
99.150000	177
99.275000	322
99.300000	212
99.300000	302
99.325000	240
99.325000	274
99.400000	238
99.400000	399
99.425000	448
99.475000	234
99.500000	390
99.525000	365
99.525000	467
99.575000	195
99.575000	209
99.575000	261
99.575000	418
99.675000	341
99.725000	266
99.850000	277
99.850000	330
99.850000	474
99.875000	167
99.875000	346
99.925000	408
99.925000	501
99.950000	515
100.000000	265
100.025000	173
100.025000	205
100.125000	222
100.150000	200
100.150000	257
100.150000	407
100.200000	178
100.200000	221
100.200000	461
100.275000	262
100.300000	439
100.325000	256
100.350000	151
100.375000	219
100.400000	291
100.425000	243
100.450000	138
100.450000	280
100.450000	356
100.500000	335
100.500000	372
100.500000	503
100.550000	213
100.675000	125
100.675000	273
100.675000	304
100.675000	380
100.700000	287
100.700000	300
100.700000	455
100.700000	523
100.725000	180
100.725000	310
100.750000	374
100.775000	289
100.800000	387
100.850000	381
100.925000	410
100.925000	504
100.975000	524
101.000000	502
101.025000	359
101.050000	358
101.150000	284
101.175000	456
101.275000	123
101.300000	484
101.325000	332
101.425000	154
101.425000	375
101.450000	230
101.500000	316
101.625000	182
101.625000	278
101.650000	263
101.650000	348
101.650000	364
101.700000	344
101.725000	251
101.750000	196
101.775000	445
101.800000	150
101.825000	319
101.875000	388
101.925000	163
101.925000	311
101.925000	361
102.000000	309
102.025000	193
102.025000	218
102.100000	245
102.100000	477
102.150000	430
102.150000	505
102.175000	232
102.175000	392
102.250000	275
102.300000	279
102.325000	449
102.400000	514
102.425000	313
102.450000	405
102.500000	362
102.700000	145
102.725000	199
102.750000	286
102.800000	337
102.900000	216
102.925000	354
102.950000	198
103.000000	191
103.000000	303
103.000000	315
103.025000	288
103.025000	336
103.050000	431
103.100000	225
103.150000	296
103.175000	301
103.200000	204
103.200000	426
103.200000	526
103.300000	312
103.350000	371
103.375000	206
103.375000	370
103.400000	307
103.450000	425
103.475000	320
103.475000	521
103.575000	148
103.575000	157
103.575000	236
103.575000	294
103.625000	352
103.625000	434
103.675000	334
103.700000	276
103.725000	324
103.775000	468
103.825000	305
103.850000	385
103.950000	201
103.950000	525
104.100000	260
104.100000	306
104.125000	233
104.150000	295
104.175000	423
104.175000	503
104.200000	339
104.250000	255
104.250000	396
104.300000	268
104.325000	347
104.350000	211
104.425000	271
104.425000	403
104.425000	471
104.525000	131
104.550000	259
104.575000	248
104.600000	102
104.650000	325
104.675000	411
104.700000	463
104.725000	272
104.750000	349
104.775000	264
104.775000	432
104.825000	252
104.850000	329
104.900000	400
104.925000	351
105.000000	241
105.000000	368
105.025000	202
105.075000	395
105.075000	401
105.075000	502
105.125000	214
105.150000	228
105.200000	333
105.200000	501
105.200000	522
105.225000	158
105.225000	249
105.250000	171
105.275000	504
105.325000	226
105.325000	237
105.400000	345
105.450000	172
105.475000	153
105.475000	186
105.525000	231
105.525000	317
105.600000	446
105.650000	382
105.675000	270
105.700000	298
105.750000	283
105.750000	326
105.775000	188
105.800000	367
105.825000	331
105.825000	377
105.900000	254
105.900000	412
105.925000	308
105.950000	340
105.950000	363
105.975000	170
105.975000	189
106.025000	328
106.025000	422
106.050000	437
106.100000	406
106.125000	258
106.200000	302
106.225000	244
106.225000	441
106.325000	357
106.325000	397
106.350000	184
106.375000	250
106.425000	282
106.450000	318
106.550000	187
106.550000	229
106.575000	355
106.575000	460
106.700000	297
106.725000	176
106.725000	360
106.750000	281
106.750000	453
106.750000	500
106.825000	299
106.900000	267
106.900000	413
107.025000	524
107.075000	440
107.100000	285
107.100000	343
107.125000	192
107.225000	505
107.250000	220
107.350000	327
107.375000	523
107.425000	266
107.425000	369
107.475000	480
107.575000	287
107.600000	513
107.675000	429
107.700000	338
107.700000	353
107.725000	207
107.775000	166
107.775000	444
107.850000	322
107.875000	253
107.875000	350
107.875000	454
107.900000	223
107.925000	304
107.950000	503
108.000000	487
108.125000	389
108.175000	246
108.225000	217
108.250000	290
108.275000	142
108.300000	210
108.300000	235
108.325000	212
108.325000	256
108.325000	277
108.350000	293
108.375000	321
108.400000	316
108.475000	373
108.525000	143
108.600000	341
108.625000	227
108.650000	234
108.650000	265
108.700000	383
108.725000	404
108.725000	424
108.725000	458
108.750000	300
108.825000	332
108.925000	346
108.950000	120
109.000000	292
109.025000	386
109.025000	502
109.150000	284
109.175000	342
109.200000	309
109.250000	239
109.250000	330
109.250000	415
109.250000	525
109.275000	372
109.275000	504
109.375000	247
109.400000	174
109.450000	195
109.450000	197
109.450000	323
109.450000	421
109.500000	319
109.575000	203
109.625000	261
109.675000	269
109.675000	310
109.700000	278
109.725000	314
109.750000	378
109.775000	289
109.775000	526
109.875000	374
109.900000	288
109.950000	159
109.950000	215
109.950000	375
110.125000	428
110.150000	240
110.250000	348
110.250000	393
110.300000	365
110.325000	313
110.350000	213
110.400000	335
110.425000	320
110.450000	262
110.475000	168
110.575000	394
110.600000	274
110.625000	208
110.650000	276
110.675000	501
110.725000	344
110.775000	273
110.825000	162
110.825000	354
110.825000	414
110.850000	384
110.925000	451
110.975000	390
111.000000	181
111.175000	362
111.175000	387
111.175000	391
111.275000	242
111.300000	358
111.325000	402
111.450000	398
111.475000	136
111.475000	315
111.500000	356
111.600000	301
111.625000	243
111.625000	366
111.650000	238
111.700000	337
111.775000	409
111.925000	286
112.150000	280
112.175000	268
112.200000	144
112.200000	505
112.275000	420
112.350000	177
112.375000	257
112.425000	381
112.425000	503
112.475000	260
112.550000	222
112.550000	443
112.575000	317
112.600000	209
112.600000	306
112.600000	521
112.650000	259
112.650000	364
112.725000	175
112.750000	524
112.775000	295
112.800000	407
112.825000	303
112.825000	399
112.925000	251
112.950000	376
112.950000	522
112.975000	312
113.000000	279
113.000000	361
113.050000	291
113.100000	308
113.100000	504
113.150000	418
113.200000	324
113.275000	264
113.275000	311
113.275000	417
113.300000	200
113.325000	263
113.325000	275
113.400000	225
113.450000	178
113.475000	302
113.500000	334
113.500000	410
113.525000	249
113.525000	502
113.550000	272
113.600000	224
113.600000	325
113.625000	427
113.700000	245
113.775000	355
113.850000	370
113.875000	380
113.900000	425
113.950000	523
114.000000	191
114.000000	282
114.050000	216
114.050000	359
114.075000	408
114.100000	165
114.125000	345
114.150000	352
114.175000	283
114.225000	255
114.225000	326
114.300000	357
114.350000	161
114.350000	219
114.500000	368
114.525000	232
114.525000	271
114.550000	182
114.600000	151
114.650000	206
114.675000	294
114.700000	205
114.750000	248
114.850000	431
114.900000	351
114.900000	371
114.950000	298
115.125000	287
115.125000	307
115.150000	214
115.175000	135
115.175000	156
115.175000	204
115.175000	236
115.275000	179
115.275000	297
115.375000	281
115.475000	198
115.475000	266
115.575000	339
115.600000	164
115.625000	299
115.650000	304
115.650000	439
115.700000	193
115.700000	525
115.725000	405
115.750000	332
115.850000	430
115.900000	296
116.000000	360
116.100000	277
116.175000	252
116.225000	318
116.225000	322
116.425000	256
116.450000	377
116.450000	503
116.500000	329
116.525000	500
116.550000	231
116.575000	218
116.575000	316
116.650000	254
116.650000	401
116.650000	406
116.700000	331
116.725000	305
116.775000	504
116.800000	501
116.825000	382
116.850000	226
116.850000	385
116.875000	270
116.925000	426
116.950000	233
116.950000	447
117.000000	343
117.100000	340
117.100000	395
117.100000	411
117.150000	309
117.150000	336
117.200000	349
117.275000	288
117.275000	367
117.300000	327
117.300000	328
117.300000	400
117.400000	321
117.425000	293
117.450000	155
117.450000	241
117.450000	300
117.500000	230
117.525000	265
117.575000	350
117.600000	284
117.625000	397
117.625000	502
117.750000	258
117.775000	319
117.875000	183
117.875000	341
117.900000	313
117.900000	526
117.925000	276
118.100000	244
118.125000	285
118.125000	290
118.175000	199
118.325000	267
118.400000	237
118.400000	374
118.425000	333
118.450000	310
118.475000	138
118.500000	235
118.500000	446
118.525000	220
118.550000	210
118.675000	223
118.675000	353
118.775000	172
118.775000	278
118.800000	228
118.800000	289
118.975000	524
119.050000	211
119.125000	346
119.200000	320
119.225000	185
119.225000	330
119.225000	369
119.350000	234
119.375000	173
119.375000	505
119.450000	423
119.500000	253
119.700000	372
119.775000	344
119.775000	354
119.775000	435
119.950000	192
119.950000	348
119.950000	503
119.975000	323
120.100000	306
120.175000	338
120.225000	212
120.250000	317
120.300000	247
120.300000	259
120.325000	260
120.350000	250
120.450000	195
120.450000	375
120.475000	268
120.500000	315
120.525000	292
120.550000	378
120.550000	523
120.575000	239
120.575000	246
120.600000	301
120.725000	302
120.725000	455
120.750000	342
120.825000	363
120.850000	261
120.850000	337
121.025000	308
121.125000	295
121.400000	504
121.525000	227
121.600000	286
121.625000	166
121.625000	273
121.625000	358
121.625000	522
121.650000	282
121.650000	396
121.725000	229
121.850000	274
121.850000	355
121.875000	314
121.900000	502
121.950000	335
122.075000	387
122.125000	264
122.250000	525
122.550000	262
122.575000	213
122.625000	188
122.625000	362
122.775000	357
122.775000	389
122.875000	215
122.900000	202
122.950000	201
122.950000	347
123.025000	304
123.125000	189
123.125000	197
123.150000	364
123.200000	180
123.225000	326
123.250000	501
123.275000	196
123.325000	324
123.350000	272
123.475000	303
123.475000	312
123.550000	217
123.575000	334
123.700000	287
123.700000	365
123.725000	240
123.775000	281
123.850000	388
123.875000	187
123.875000	356
123.925000	390
123.975000	297
124.000000	279
124.025000	316
124.075000	269
124.200000	345
124.325000	225
124.400000	249
124.450000	419
124.475000	332
124.500000	271
124.550000	322
124.575000	256
124.575000	381
124.625000	266
124.850000	521
124.900000	221
124.900000	325
124.925000	503
124.975000	283
125.100000	311
125.150000	309
125.150000	379
125.175000	280
125.175000	299
125.325000	255
125.475000	361
125.525000	207
125.525000	373
125.575000	263
125.650000	203
125.650000	276
125.650000	277
125.750000	275
125.775000	391
125.800000	158
125.800000	504
126.000000	368
126.025000	243
126.125000	383
126.175000	294
126.200000	257
126.200000	505
126.225000	288
126.275000	298
126.325000	360
126.325000	386
126.400000	394
126.450000	300
126.650000	251
126.650000	524
126.750000	352
126.775000	186
126.775000	393
126.850000	319
126.875000	370
126.975000	284
127.050000	384
127.100000	502
127.125000	278
127.225000	351
127.250000	245
127.300000	216
127.350000	291
127.350000	321
127.475000	204
127.475000	343
127.600000	231
127.625000	313
127.725000	222
127.800000	242
127.875000	327
127.925000	235
128.025000	254
128.050000	320
128.075000	238
128.100000	236
128.100000	318
128.225000	232
128.225000	310
128.275000	223
128.275000	265
128.475000	331
128.475000	374
128.525000	293
128.550000	214
128.650000	248
128.650000	409
128.775000	377
128.875000	306
128.900000	252
128.925000	406
128.950000	289
128.975000	290
129.000000	366
129.150000	359
129.225000	410
129.375000	302
129.450000	258
129.500000	317
129.550000	296
129.600000	282
129.600000	341
129.650000	226
129.775000	268
129.775000	305
129.800000	523
129.825000	503
129.900000	182
129.925000	329
129.925000	350
129.975000	295
130.000000	270
130.050000	418
130.050000	525
130.075000	206
130.075000	339
130.075000	344
130.100000	375
130.175000	200
130.200000	340
130.250000	209
130.325000	308
130.325000	367
130.325000	425
130.375000	260
130.400000	301
130.400000	354
130.475000	382
130.550000	501
130.675000	504
130.700000	307
130.725000	244
130.725000	285
130.800000	330
131.025000	315
131.025000	328
131.225000	239
131.300000	349
131.325000	304
131.325000	337
131.325000	346
131.400000	376
131.525000	355
131.575000	259
131.600000	526
131.625000	253
131.625000	267
132.050000	372
132.100000	220
132.100000	502
132.150000	371
132.225000	234
132.250000	357
132.275000	333
132.325000	233
132.425000	358
132.550000	287
132.600000	191
132.700000	241
132.750000	348
132.775000	264
132.975000	198
133.000000	286
133.075000	273
133.125000	261
133.150000	323
133.175000	353
133.275000	281
133.375000	335
133.400000	266
133.525000	292
133.550000	171
133.575000	228
133.675000	342
133.750000	247
133.775000	177
133.800000	309
133.875000	272
133.900000	334
134.025000	276
134.025000	326
134.025000	332
134.050000	395
134.100000	322
134.150000	505
134.175000	338
134.200000	316
134.650000	279
134.700000	210
134.750000	397
134.775000	522
134.950000	211
134.975000	297
135.050000	362
135.175000	256
135.175000	503
135.225000	277
135.250000	271
135.400000	212
135.575000	300
135.575000	312
135.600000	504
135.600000	524
135.700000	303
135.800000	324
135.825000	319
135.850000	387
135.950000	274
135.950000	336
136.150000	199
136.225000	345
136.275000	314
136.300000	237
136.350000	213
136.350000	288
136.350000	299
136.625000	193
136.625000	284
136.675000	278
136.725000	380
136.750000	246
136.825000	249
136.925000	325
136.950000	320
137.025000	240
137.150000	502
137.175000	231
137.275000	250
137.375000	378
137.575000	356
137.825000	365
137.950000	313
137.975000	218
138.050000	385
138.225000	343
138.350000	282
138.350000	306
138.375000	302
138.400000	275
138.450000	364
138.525000	308
138.700000	225
138.750000	230
138.825000	327
138.900000	298
138.950000	294
138.975000	255
139.075000	317
139.075000	321
139.175000	224
139.575000	204
139.575000	501
139.925000	283
140.000000	311
140.175000	369
140.350000	503
140.450000	236
140.475000	268
140.950000	310
141.150000	262
141.200000	243
141.350000	352
141.400000	355
141.425000	289
141.525000	368
141.600000	290
141.625000	263
141.625000	504
141.700000	265
141.725000	260
141.775000	280
141.800000	318
141.875000	248
141.900000	301
142.050000	226
142.050000	293
142.075000	315
142.075000	331
142.150000	295
142.300000	357
142.400000	354
142.425000	254
142.575000	341
142.575000	363
142.600000	291
142.625000	287
142.700000	351
142.750000	235
142.925000	252
143.125000	304
143.500000	309
143.875000	267
143.875000	330
144.050000	502
144.225000	276
144.325000	258
144.375000	269
144.375000	377
144.450000	337
144.500000	270
144.550000	286
144.575000	223
144.675000	305
144.800000	281
145.350000	329
145.600000	525
145.875000	360
145.875000	361
145.950000	374
146.000000	266
146.150000	244
146.200000	503
146.225000	259
146.225000	332
146.525000	505
146.550000	234
146.650000	348
146.700000	285
146.750000	277
146.775000	229
146.800000	273
146.950000	375
147.175000	264
147.225000	288
147.275000	272
147.400000	278
147.700000	316
147.900000	257
147.950000	326
148.100000	335
148.125000	349
148.175000	319
148.325000	504
148.350000	320
148.450000	523
148.475000	344
148.500000	299
148.550000	322
148.575000	271
148.825000	333
148.875000	358
149.050000	253
149.100000	256
149.150000	313
149.275000	317
149.350000	334
149.475000	308
149.500000	328
149.675000	251
149.675000	284
149.825000	502
150.100000	261
150.175000	279
150.550000	239
150.675000	274
150.750000	282
150.900000	300
151.175000	292
151.225000	297
151.350000	302
151.600000	370
151.625000	303
151.650000	306
151.800000	249
151.975000	298
152.050000	247
152.250000	327
152.275000	345
152.575000	503
152.925000	268
153.050000	339
153.975000	287
154.800000	504
154.825000	307
155.075000	342
155.350000	343
155.675000	304
155.900000	340
156.050000	323
156.050000	355
156.150000	309
156.775000	301
156.925000	315
156.950000	296
157.025000	321
157.050000	260
157.250000	290
157.450000	255
157.675000	231
157.925000	289
158.275000	372
158.650000	502
159.375000	325
159.800000	503
159.925000	276
160.050000	346
160.750000	295
161.025000	338
161.350000	286
161.450000	350
161.700000	312
161.850000	319
161.950000	318
162.375000	259
163.825000	504
165.850000	294
166.825000	308
166.925000	302
169.575000	502
