time	voltage	cai	inat
0.000000	-65.000000	0.000005	-0.000002
0.025000	-66.553857	0.000013	-0.000002
0.050000	-67.635292	0.000014	-0.000001
0.075000	-68.411001	0.000013	-0.000001
0.100000	-68.968730	0.000012	-0.000000
0.125000	-69.370099	0.000011	-0.000000
0.150000	-69.659107	0.000010	-0.000000
0.175000	-69.867441	0.000010	-0.000000
0.200000	-70.017840	0.000009	-0.000000
0.225000	-70.126586	0.000009	-0.000000
0.250000	-70.205335	0.000009	-0.000000
0.275000	-70.262454	0.000009	-0.000000
0.300000	-70.303948	0.000009	-0.000000
0.325000	-70.334136	0.000009	-0.000000
0.350000	-70.356130	0.000009	-0.000000
0.375000	-70.372173	0.000009	-0.000000
0.400000	-70.383890	0.000009	-0.000000
0.425000	-70.392456	0.000009	-0.000000
0.450000	-70.398727	0.000009	-0.000000
0.475000	-70.403325	0.000009	-0.000000
0.500000	-70.406704	0.000009	-0.000000
0.525000	-70.409195	0.000009	-0.000000
0.550000	-70.411041	0.000009	-0.000000
0.575000	-70.412421	0.000009	-0.000000
0.600000	-70.413465	0.000009	-0.000000
0.625000	-70.414269	0.000009	-0.000000
0.650000	-70.414904	0.000009	-0.000000
0.675000	-70.415421	0.000009	-0.000000
0.700000	-70.415858	0.000009	-0.000000
0.725000	-70.416241	0.000009	-0.000000
0.750000	-70.416591	0.000009	-0.000000
0.775000	-70.416921	0.000009	-0.000000
0.800000	-70.417241	0.000009	-0.000000
0.825000	-70.417557	0.000009	-0.000000
0.850000	-70.417874	0.000009	-0.000000
0.875000	-70.418194	0.000009	-0.000000
0.900000	-70.418518	0.000009	-0.000000
0.925000	-70.418847	0.000009	-0.000000
0.950000	-70.419181	0.000009	-0.000000
0.975000	-70.419519	0.000009	-0.000000
1.000000	-70.419860	0.000009	-0.000000
1.025000	-70.420202	0.000009	-0.000000
1.050000	-70.420546	0.000009	-0.000000
1.075000	-70.420889	0.000009	-0.000000
1.100000	-70.421231	0.000009	-0.000000
1.125000	-70.421570	0.000009	-0.000000
1.150000	-70.421905	0.000009	-0.000000
1.175000	-70.422235	0.000009	-0.000000
1.200000	-70.422561	0.000009	-0.000000
1.225000	-70.422880	0.000009	-0.000000
1.250000	-70.423192	0.000009	-0.000000
1.275000	-70.423496	0.000009	-0.000000
1.300000	-70.423793	0.000009	-0.000000
1.325000	-70.424081	0.000009	-0.000000
1.350000	-70.424360	0.000009	-0.000000
1.375000	-70.424631	0.000009	-0.000000
1.400000	-70.424892	0.000009	-0.000000
1.425000	-70.425144	0.000009	-0.000000
1.450000	-70.425387	0.000009	-0.000000
1.475000	-70.425620	0.000009	-0.000000
1.500000	-70.425844	0.000009	-0.000000
1.525000	-70.426059	0.000009	-0.000000
1.550000	-70.426265	0.000009	-0.000000
1.575000	-70.426462	0.000009	-0.000000
1.600000	-70.426650	0.000009	-0.000000
1.625000	-70.426829	0.000009	-0.000000
1.650000	-70.427000	0.000009	-0.000000
1.675000	-70.427163	0.000009	-0.000000
1.700000	-70.427318	0.000009	-0.000000
1.725000	-70.427465	0.000009	-0.000000
1.750000	-70.427604	0.000009	-0.000000
1.775000	-70.427737	0.000009	-0.000000
1.800000	-70.427862	0.000009	-0.000000
1.825000	-70.427980	0.000009	-0.000000
1.850000	-70.428093	0.000009	-0.000000
1.875000	-70.428198	0.000009	-0.000000
1.900000	-70.428298	0.000009	-0.000000
1.925000	-70.428392	0.000009	-0.000000
1.950000	-70.428481	0.000009	-0.000000
1.975000	-70.428565	0.000009	-0.000000
2.000000	-70.428643	0.000009	-0.000000
2.025000	-70.428716	0.000009	-0.000000
2.050000	-70.428785	0.000009	-0.000000
2.075000	-70.428850	0.000009	-0.000000
2.100000	-70.428910	0.000009	-0.000000
2.125000	-70.428967	0.000009	-0.000000
2.150000	-70.429020	0.000009	-0.000000
2.175000	-70.429069	0.000009	-0.000000
2.200000	-70.429114	0.000009	-0.000000
2.225000	-70.429157	0.000009	-0.000000
2.250000	-70.429196	0.000009	-0.000000
2.275000	-70.429197	0.000009	-0.000000
2.300000	-70.429197	0.000009	-0.000000
2.325000	-70.429197	0.000009	-0.000000
2.350000	-70.429198	0.000009	-0.000000
2.375000	-70.429198	0.000009	-0.000000
2.400000	-70.429198	0.000009	-0.000000
2.425000	-70.429199	0.000009	-0.000000
2.450000	-70.429199	0.000009	-0.000000
2.475000	-70.429199	0.000009	-0.000000
2.500000	-70.429200	0.000009	-0.000000
2.525000	-70.429200	0.000009	-0.000000
2.550000	-70.429200	0.000009	-0.000000
2.575000	-70.429200	0.000009	-0.000000
2.600000	-70.429201	0.000009	-0.000000
2.625000	-70.429201	0.000009	-0.000000
2.650000	-70.429201	0.000009	-0.000000
2.675000	-70.429201	0.000009	-0.000000
2.700000	-70.429201	0.000009	-0.000000
2.725000	-70.429202	0.000009	-0.000000
2.750000	-70.429202	0.000009	-0.000000
2.775000	-70.429202	0.000009	-0.000000
2.800000	-70.429202	0.000009	-0.000000
2.825000	-70.429202	0.000009	-0.000000
2.850000	-70.429203	0.000009	-0.000000
2.875000	-70.429203	0.000009	-0.000000
2.900000	-70.429203	0.000009	-0.000000
2.925000	-70.429203	0.000009	-0.000000
2.950000	-70.429203	0.000009	-0.000000
2.975000	-70.429203	0.000009	-0.000000
3.000000	-70.429204	0.000009	-0.000000
3.025000	-70.429204	0.000009	-0.000000
3.050000	-70.429204	0.000009	-0.000000
3.075000	-70.429204	0.000009	-0.000000
3.100000	-70.429204	0.000009	-0.000000
3.125000	-70.429204	0.000009	-0.000000
3.150000	-70.429205	0.000009	-0.000000
3.175000	-70.429205	0.000009	-0.000000
3.200000	-70.429205	0.000009	-0.000000
3.225000	-70.429205	0.000009	-0.000000
3.250000	-70.429205	0.000009	-0.000000
3.275000	-70.429205	0.000009	-0.000000
3.300000	-70.429206	0.000009	-0.000000
3.325000	-70.429206	0.000009	-0.000000
3.350000	-70.429206	0.000009	-0.000000
3.375000	-70.429206	0.000009	-0.000000
3.400000	-70.429206	0.000009	-0.000000
3.425000	-70.429206	0.000009	-0.000000
3.450000	-70.429206	0.000009	-0.000000
3.475000	-70.429207	0.000009	-0.000000
3.500000	-70.429207	0.000009	-0.000000
3.525000	-70.429207	0.000009	-0.000000
3.550000	-70.429207	0.000009	-0.000000
3.575000	-70.429207	0.000009	-0.000000
3.600000	-70.429207	0.000009	-0.000000
3.625000	-70.429207	0.000009	-0.000000
3.650000	-70.429208	0.000009	-0.000000
3.675000	-70.429208	0.000009	-0.000000
3.700000	-70.429208	0.000009	-0.000000
3.725000	-70.429208	0.000009	-0.000000
3.750000	-70.429208	0.000009	-0.000000
3.775000	-70.429208	0.000009	-0.000000
3.800000	-70.429208	0.000009	-0.000000
3.825000	-70.429209	0.000009	-0.000000
3.850000	-70.429209	0.000009	-0.000000
3.875000	-70.429209	0.000009	-0.000000
3.900000	-70.429209	0.000009	-0.000000
3.925000	-70.429209	0.000009	-0.000000
3.950000	-70.429209	0.000009	-0.000000
3.975000	-70.429209	0.000009	-0.000000
4.000000	-70.429210	0.000009	-0.000000
4.025000	-70.429210	0.000009	-0.000000
4.050000	-70.429210	0.000009	-0.000000
4.075000	-70.429210	0.000009	-0.000000
4.100000	-70.429210	0.000009	-0.000000
4.125000	-70.429210	0.000009	-0.000000
4.150000	-70.429210	0.000009	-0.000000
4.175000	-70.429211	0.000009	-0.000000
4.200000	-70.429211	0.000009	-0.000000
4.225000	-70.429211	0.000009	-0.000000
4.250000	-70.429211	0.000009	-0.000000
4.275000	-70.429211	0.000009	-0.000000
4.300000	-70.429211	0.000009	-0.000000
4.325000	-70.429211	0.000009	-0.000000
4.350000	-70.429211	0.000009	-0.000000
4.375000	-70.429212	0.000009	-0.000000
4.400000	-70.429212	0.000009	-0.000000
4.425000	-70.429212	0.000009	-0.000000
4.450000	-70.429212	0.000009	-0.000000
4.475000	-70.429212	0.000009	-0.000000
4.500000	-70.429212	0.000009	-0.000000
4.525000	-70.429212	0.000009	-0.000000
4.550000	-70.429212	0.000009	-0.000000
4.575000	-70.429213	0.000009	-0.000000
4.600000	-70.429213	0.000009	-0.000000
4.625000	-70.429213	0.000009	-0.000000
4.650000	-70.429213	0.000009	-0.000000
4.675000	-70.429213	0.000009	-0.000000
4.700000	-70.429213	0.000009	-0.000000
4.725000	-70.429213	0.000009	-0.000000
4.750000	-70.429213	0.000009	-0.000000
4.775000	-70.429214	0.000009	-0.000000
4.800000	-70.429214	0.000009	-0.000000
4.825000	-70.429214	0.000009	-0.000000
4.850000	-70.429214	0.000009	-0.000000
4.875000	-70.429214	0.000009	-0.000000
4.900000	-70.429214	0.000009	-0.000000
4.925000	-70.429214	0.000009	-0.000000
4.950000	-70.429214	0.000009	-0.000000
4.975000	-70.429215	0.000009	-0.000000
5.000000	-70.429215	0.000009	-0.000000
5.025000	-70.429215	0.000009	-0.000000
5.050000	-70.429215	0.000009	-0.000000
5.075000	-70.429215	0.000009	-0.000000
5.100000	-70.429215	0.000009	-0.000000
5.125000	-70.429215	0.000009	-0.000000
5.150000	-70.429215	0.000009	-0.000000
5.175000	-70.429216	0.000009	-0.000000
5.200000	-70.429216	0.000009	-0.000000
5.225000	-70.429216	0.000009	-0.000000
5.250000	-70.429216	0.000009	-0.000000
5.275000	-70.429216	0.000009	-0.000000
5.300000	-70.429216	0.000009	-0.000000
5.325000	-70.429216	0.000009	-0.000000
5.350000	-70.429216	0.000009	-0.000000
5.375000	-70.429217	0.000009	-0.000000
5.400000	-70.429217	0.000009	-0.000000
5.425000	-70.429217	0.000009	-0.000000
5.450000	-70.429217	0.000009	-0.000000
5.475000	-70.429217	0.000009	-0.000000
5.500000	-70.429217	0.000009	-0.000000
5.525000	-70.429217	0.000009	-0.000000
5.550000	-70.429217	0.000009	-0.000000
5.575000	-70.429218	0.000009	-0.000000
5.600000	-70.429218	0.000009	-0.000000
5.625000	-70.429218	0.000009	-0.000000
5.650000	-70.429218	0.000009	-0.000000
5.675000	-70.429218	0.000009	-0.000000
5.700000	-70.429218	0.000009	-0.000000
5.725000	-70.429218	0.000009	-0.000000
5.750000	-70.429218	0.000009	-0.000000
5.775000	-70.429218	0.000009	-0.000000
5.800000	-70.429219	0.000009	-0.000000
5.825000	-70.429219	0.000009	-0.000000
5.850000	-70.429219	0.000009	-0.000000
5.875000	-70.429219	0.000009	-0.000000
5.900000	-70.429219	0.000009	-0.000000
5.925000	-70.429219	0.000009	-0.000000
5.950000	-70.429219	0.000009	-0.000000
5.975000	-70.429219	0.000009	-0.000000
6.000000	-70.429220	0.000009	-0.000000
6.025000	-70.429220	0.000009	-0.000000
6.050000	-70.429220	0.000009	-0.000000
6.075000	-70.429220	0.000009	-0.000000
6.100000	-70.429220	0.000009	-0.000000
6.125000	-70.429220	0.000009	-0.000000
6.150000	-70.429220	0.000009	-0.000000
6.175000	-70.429220	0.000009	-0.000000
6.200000	-70.429220	0.000009	-0.000000
6.225000	-70.429221	0.000009	-0.000000
6.250000	-70.429221	0.000009	-0.000000
6.275000	-70.429221	0.000009	-0.000000
6.300000	-70.429221	0.000009	-0.000000
6.325000	-70.429221	0.000009	-0.000000
6.350000	-70.429221	0.000009	-0.000000
6.375000	-70.429221	0.000009	-0.000000
6.400000	-70.429221	0.000009	-0.000000
6.425000	-70.429221	0.000009	-0.000000
6.450000	-70.429222	0.000009	-0.000000
6.475000	-70.429222	0.000009	-0.000000
6.500000	-70.429222	0.000009	-0.000000
6.525000	-70.429222	0.000009	-0.000000
6.550000	-70.429222	0.000009	-0.000000
6.575000	-70.429222	0.000009	-0.000000
6.600000	-70.429222	0.000009	-0.000000
6.625000	-70.429222	0.000009	-0.000000
6.650000	-70.429223	0.000009	-0.000000
6.675000	-70.429223	0.000009	-0.000000
6.700000	-70.429223	0.000009	-0.000000
6.725000	-70.429223	0.000009	-0.000000
6.750000	-70.429223	0.000009	-0.000000
6.775000	-70.429223	0.000009	-0.000000
6.800000	-70.429223	0.000009	-0.000000
6.825000	-70.429223	0.000009	-0.000000
6.850000	-70.429223	0.000009	-0.000000
6.875000	-70.429224	0.000009	-0.000000
6.900000	-70.429224	0.000009	-0.000000
6.925000	-70.429224	0.000009	-0.000000
6.950000	-70.429224	0.000009	-0.000000
6.975000	-70.429224	0.000009	-0.000000
7.000000	-70.429224	0.000009	-0.000000
7.025000	-70.429224	0.000009	-0.000000
7.050000	-70.429224	0.000009	-0.000000
7.075000	-70.429224	0.000009	-0.000000
7.100000	-70.429225	0.000009	-0.000000
7.125000	-70.429225	0.000009	-0.000000
7.150000	-70.429225	0.000009	-0.000000
7.175000	-70.429225	0.000009	-0.000000
7.200000	-70.429225	0.000009	-0.000000
7.225000	-70.429225	0.000009	-0.000000
7.250000	-70.429225	0.000009	-0.000000
7.275000	-70.429225	0.000009	-0.000000
7.300000	-70.429225	0.000009	-0.000000
7.325000	-70.429226	0.000009	-0.000000
7.350000	-70.429226	0.000009	-0.000000
7.375000	-70.429226	0.000009	-0.000000
7.400000	-70.429226	0.000009	-0.000000
7.425000	-70.429226	0.000009	-0.000000
7.450000	-70.429226	0.000009	-0.000000
7.475000	-70.429226	0.000009	-0.000000
7.500000	-70.429226	0.000009	-0.000000
7.525000	-70.429226	0.000009	-0.000000
7.550000	-70.429227	0.000009	-0.000000
7.575000	-70.429227	0.000009	-0.000000
7.600000	-70.429227	0.000009	-0.000000
7.625000	-70.429227	0.000009	-0.000000
7.650000	-70.429227	0.000009	-0.000000
7.675000	-70.429227	0.000009	-0.000000
7.700000	-70.429227	0.000009	-0.000000
7.725000	-70.429227	0.000009	-0.000000
7.750000	-70.429227	0.000009	-0.000000
7.775000	-70.429228	0.000009	-0.000000
7.800000	-70.429228	0.000009	-0.000000
7.825000	-70.429228	0.000009	-0.000000
7.850000	-70.429228	0.000009	-0.000000
7.875000	-70.429228	0.000009	-0.000000
7.900000	-70.429228	0.000009	-0.000000
7.925000	-70.429228	0.000009	-0.000000
7.950000	-70.429228	0.000009	-0.000000
7.975000	-70.429228	0.000009	-0.000000
8.000000	-70.429229	0.000009	-0.000000
8.025000	-70.429229	0.000009	-0.000000
8.050000	-70.429229	0.000009	-0.000000
8.075000	-70.429229	0.000009	-0.000000
8.100000	-70.429229	0.000009	-0.000000
8.125000	-70.429229	0.000009	-0.000000
8.150000	-70.429229	0.000009	-0.000000
8.175000	-70.429229	0.000009	-0.000000
8.200000	-70.429229	0.000009	-0.000000
8.225000	-70.429230	0.000009	-0.000000
8.250000	-70.429230	0.000009	-0.000000
8.275000	-70.429230	0.000009	-0.000000
8.300000	-70.429230	0.000009	-0.000000
8.325000	-70.429230	0.000009	-0.000000
8.350000	-70.429230	0.000009	-0.000000
8.375000	-70.429230	0.000009	-0.000000
8.400000	-70.429230	0.000009	-0.000000
8.425000	-70.429230	0.000009	-0.000000
8.450000	-70.429231	0.000009	-0.000000
8.475000	-70.429231	0.000009	-0.000000
8.500000	-70.429231	0.000009	-0.000000
8.525000	-70.429231	0.000009	-0.000000
8.550000	-70.429231	0.000009	-0.000000
8.575000	-70.429231	0.000009	-0.000000
8.600000	-70.429231	0.000009	-0.000000
8.625000	-70.429231	0.000009	-0.000000
8.650000	-70.429231	0.000009	-0.000000
8.675000	-70.429232	0.000009	-0.000000
8.700000	-70.429232	0.000009	-0.000000
8.725000	-70.429232	0.000009	-0.000000
8.750000	-70.429232	0.000009	-0.000000
8.775000	-70.429232	0.000009	-0.000000
8.800000	-70.429232	0.000009	-0.000000
8.825000	-70.429232	0.000009	-0.000000
8.850000	-70.429232	0.000009	-0.000000
8.875000	-70.429232	0.000009	-0.000000
8.900000	-70.429233	0.000009	-0.000000
8.925000	-70.429233	0.000009	-0.000000
8.950000	-70.429233	0.000009	-0.000000
8.975000	-70.429233	0.000009	-0.000000
9.000000	-70.429233	0.000009	-0.000000
9.025000	-70.429233	0.000009	-0.000000
9.050000	-70.429233	0.000009	-0.000000
9.075000	-70.429233	0.000009	-0.000000
9.100000	-70.429233	0.000009	-0.000000
9.125000	-70.429234	0.000009	-0.000000
9.150000	-70.429234	0.000009	-0.000000
9.175000	-70.429234	0.000009	-0.000000
9.200000	-70.429234	0.000009	-0.000000
9.225000	-70.429234	0.000009	-0.000000
9.250000	-70.429234	0.000009	-0.000000
9.275000	-70.429234	0.000009	-0.000000
9.300000	-70.429234	0.000009	-0.000000
9.325000	-70.429234	0.000009	-0.000000
9.350000	-70.429234	0.000009	-0.000000
9.375000	-70.429235	0.000009	-0.000000
9.400000	-70.429235	0.000009	-0.000000
9.425000	-70.429235	0.000009	-0.000000
9.450000	-70.429235	0.000009	-0.000000
9.475000	-70.429235	0.000009	-0.000000
9.500000	-70.429235	0.000009	-0.000000
9.525000	-70.429235	0.000009	-0.000000
9.550000	-70.429235	0.000009	-0.000000
9.575000	-70.429235	0.000009	-0.000000
9.600000	-70.429236	0.000009	-0.000000
9.625000	-70.429236	0.000009	-0.000000
9.650000	-70.429236	0.000009	-0.000000
9.675000	-70.429236	0.000009	-0.000000
9.700000	-70.429236	0.000009	-0.000000
9.725000	-70.429236	0.000009	-0.000000
9.750000	-70.429236	0.000009	-0.000000
9.775000	-70.429236	0.000009	-0.000000
9.800000	-70.429236	0.000009	-0.000000
9.825000	-70.429237	0.000009	-0.000000
9.850000	-70.429237	0.000009	-0.000000
9.875000	-70.429237	0.000009	-0.000000
9.900000	-70.429237	0.000009	-0.000000
9.925000	-70.429237	0.000009	-0.000000
9.950000	-70.429237	0.000009	-0.000000
9.975000	-70.429237	0.000009	-0.000000
10.000000	-70.429237	0.000009	-0.000000
10.025000	-70.429237	0.000009	-0.000000
10.050000	-70.429237	0.000009	-0.000000
10.075000	-70.429238	0.000009	-0.000000
10.100000	-70.429238	0.000009	-0.000000
10.125000	-70.429238	0.000009	-0.000000
10.150000	-70.429238	0.000009	-0.000000
10.175000	-70.429238	0.000009	-0.000000
10.200000	-70.429238	0.000009	-0.000000
10.225000	-70.429238	0.000009	-0.000000
10.250000	-70.429238	0.000009	-0.000000
10.275000	-70.429238	0.000009	-0.000000
10.300000	-70.429238	0.000009	-0.000000
10.325000	-70.429238	0.000009	-0.000000
10.350000	-70.429233	0.000009	-0.000000
10.375000	-70.429220	0.000009	-0.000000
10.400000	-70.429188	0.000009	-0.000000
10.425000	-70.429123	0.000009	-0.000000
10.450000	-70.429003	0.000009	-0.000000
10.475000	-70.428801	0.000009	-0.000000
10.500000	-70.428485	0.000009	-0.000000
10.525000	-70.428017	0.000009	-0.000000
10.550000	-70.427349	0.000009	-0.000000
10.575000	-70.426433	0.000009	-0.000000
10.600000	-70.425211	0.000009	-0.000000
10.625000	-70.423623	0.000009	-0.000000
10.650000	-70.421602	0.000009	-0.000000
10.675000	-70.419080	0.000009	-0.000000
10.700000	-70.415982	0.000009	-0.000000
10.725000	-70.412233	0.000009	-0.000000
10.750000	-70.407754	0.000009	-0.000000
10.775000	-70.402464	0.000009	-0.000000
10.800000	-70.396280	0.000009	-0.000000
10.825000	-70.389121	0.000009	-0.000000
10.850000	-70.380901	0.000009	-0.000000
10.875000	-70.371537	0.000009	-0.000000
10.900000	-70.360945	0.000009	-0.000000
10.925000	-70.349043	0.000009	-0.000000
10.950000	-70.335749	0.000009	-0.000000
10.975000	-70.320981	0.000009	-0.000000
11.000000	-70.304663	0.000009	-0.000000
11.025000	-70.286717	0.000009	-0.000000
11.050000	-70.267068	0.000009	-0.000000
11.075000	-70.245645	0.000009	-0.000000
11.100000	-70.222379	0.000009	-0.000000
11.125000	-70.197203	0.000009	-0.000000
11.150000	-70.170055	0.000009	-0.000000
11.175000	-70.140873	0.000009	-0.000000
11.200000	-70.109601	0.000009	-0.000000
11.225000	-70.076187	0.000009	-0.000000
11.250000	-70.040579	0.000009	-0.000000
11.275000	-70.002731	0.000009	-0.000000
11.300000	-69.962601	0.000009	-0.000000
11.325000	-69.920149	0.000009	-0.000000
11.350000	-69.875339	0.000009	-0.000000
11.375000	-69.828139	0.000009	-0.000000
11.400000	-69.778520	0.000009	-0.000000
11.425000	-69.726457	0.000009	-0.000000
11.450000	-69.671929	0.000009	-0.000000
11.475000	-69.614916	0.000009	-0.000000
11.500000	-69.555404	0.000009	-0.000000
11.525000	-69.493381	0.000009	-0.000000
11.550000	-69.428839	0.000009	-0.000000
11.575000	-69.361772	0.000009	-0.000000
11.600000	-69.292178	0.000009	-0.000000
11.625000	-69.220058	0.000009	-0.000000
11.650000	-69.145414	0.000009	-0.000000
11.675000	-69.068254	0.000009	-0.000000
11.700000	-68.988585	0.000009	-0.000000
11.725000	-68.906420	0.000009	-0.000000
11.750000	-68.821773	0.000009	-0.000000
11.775000	-68.734658	0.000009	-0.000000
11.800000	-68.645096	0.000009	-0.000000
11.825000	-68.553106	0.000009	-0.000000
11.850000	-68.458711	0.000009	-0.000000
11.875000	-68.361936	0.000009	-0.000000
11.900000	-68.262806	0.000009	-0.000000
11.925000	-68.161351	0.000009	-0.000000
11.950000	-68.057599	0.000009	-0.000000
11.975000	-67.951582	0.000009	-0.000000
12.000000	-67.843332	0.000009	-0.000000
12.025000	-67.732883	0.000009	-0.000000
12.050000	-67.620271	0.000009	-0.000000
12.075000	-67.505531	0.000009	-0.000000
12.100000	-67.388701	0.000009	-0.000000
12.125000	-67.269820	0.000009	-0.000001
12.150000	-67.148925	0.000009	-0.000001
12.175000	-67.026057	0.000009	-0.000001
12.200000	-66.901256	0.000009	-0.000001
12.225000	-66.774564	0.000009	-0.000001
12.250000	-66.646023	0.000009	-0.000001
12.275000	-66.515674	0.000009	-0.000001
12.300000	-66.383560	0.000009	-0.000001
12.325000	-66.249723	0.000009	-0.000001
12.350000	-66.114208	0.000009	-0.000001
12.375000	-65.977058	0.000009	-0.000001
12.400000	-65.838315	0.000009	-0.000001
12.425000	-65.698024	0.000009	-0.000001
12.450000	-65.556229	0.000009	-0.000001
12.475000	-65.412972	0.000009	-0.000001
12.500000	-65.268298	0.000009	-0.000001
12.525000	-65.122249	0.000009	-0.000002
12.550000	-64.974870	0.000009	-0.000002
12.575000	-64.826203	0.000009	-0.000002
12.600000	-64.676292	0.000009	-0.000002
12.625000	-64.525178	0.000009	-0.000002
12.650000	-64.372904	0.000009	-0.000002
12.675000	-64.219511	0.000009	-0.000002
12.700000	-64.065043	0.000009	-0.000003
12.725000	-63.909539	0.000009	-0.000003
12.750000	-63.753040	0.000009	-0.000003
12.775000	-63.595586	0.000009	-0.000003
12.800000	-63.437217	0.000009	-0.000004
12.825000	-63.277973	0.000009	-0.000004
12.850000	-63.117891	0.000009	-0.000004
12.875000	-62.957011	0.000009	-0.000005
12.900000	-62.795369	0.000009	-0.000005
12.925000	-62.633003	0.000009	-0.000005
12.950000	-62.469948	0.000009	-0.000006
12.975000	-62.306240	0.000009	-0.000006
13.000000	-62.141914	0.000009	-0.000007
13.025000	-61.977005	0.000009	-0.000007
13.050000	-61.811546	0.000009	-0.000008
13.075000	-61.645571	0.000009	-0.000009
13.100000	-61.479111	0.000009	-0.000009
13.125000	-61.312197	0.000009	-0.000010
13.150000	-61.144861	0.000009	-0.000011
13.175000	-60.977133	0.000009	-0.000012
13.200000	-60.809043	0.000009	-0.000013
13.225000	-60.640619	0.000009	-0.000014
13.250000	-60.471887	0.000009	-0.000015
13.275000	-60.302876	0.000009	-0.000017
13.300000	-60.133612	0.000009	-0.000018
13.325000	-59.964121	0.000009	-0.000020
13.350000	-59.794428	0.000009	-0.000021
13.375000	-59.624556	0.000009	-0.000023
13.400000	-59.454527	0.000009	-0.000025
13.425000	-59.284365	0.000009	-0.000028
13.450000	-59.114091	0.000009	-0.000030
13.475000	-58.943727	0.000009	-0.000032
13.500000	-58.773292	0.000009	-0.000035
13.525000	-58.602805	0.000009	-0.000038
13.550000	-58.432283	0.000009	-0.000042
13.575000	-58.261743	0.000010	-0.000045
13.600000	-58.091204	0.000010	-0.000049
13.625000	-57.920683	0.000010	-0.000053
13.650000	-57.750192	0.000010	-0.000057
13.675000	-57.579744	0.000010	-0.000062
13.700000	-57.409353	0.000010	-0.000068
13.725000	-57.239031	0.000010	-0.000073
13.750000	-57.068790	0.000010	-0.000080
13.775000	-56.898642	0.000010	-0.000086
13.800000	-56.728596	0.000010	-0.000093
13.825000	-56.558656	0.000010	-0.000101
13.850000	-56.388830	0.000010	-0.000109
13.875000	-56.219127	0.000010	-0.000118
13.900000	-56.049553	0.000010	-0.000128
13.925000	-55.880115	0.000010	-0.000138
13.950000	-55.710813	0.000010	-0.000150
13.975000	-55.541647	0.000010	-0.000162
14.000000	-55.372617	0.000011	-0.000175
14.025000	-55.203725	0.000011	-0.000189
14.050000	-55.034975	0.000011	-0.000204
14.075000	-54.866367	0.000011	-0.000220
14.100000	-54.697890	0.000011	-0.000238
14.125000	-54.529537	0.000011	-0.000257
14.150000	-54.361302	0.000011	-0.000277
14.175000	-54.193180	0.000011	-0.000299
14.200000	-54.025168	0.000011	-0.000322
14.225000	-53.857261	0.000011	-0.000347
14.250000	-53.689436	0.000012	-0.000374
14.275000	-53.521675	0.000012	-0.000403
14.300000	-53.353963	0.000012	-0.000434
14.325000	-53.186290	0.000012	-0.000468
14.350000	-53.018644	0.000012	-0.000503
14.375000	-52.851012	0.000012	-0.000541
14.400000	-52.683355	0.000012	-0.000582
14.425000	-52.515642	0.000013	-0.000626
14.450000	-52.347850	0.000013	-0.000674
14.475000	-52.179956	0.000013	-0.000724
14.500000	-52.011939	0.000013	-0.000778
14.525000	-51.843777	0.000013	-0.000835
14.550000	-51.675409	0.000013	-0.000896
14.575000	-51.506786	0.000014	-0.000963
14.600000	-51.337871	0.000014	-0.001035
14.625000	-51.168627	0.000014	-0.001111
14.650000	-50.999021	0.000014	-0.001191
14.675000	-50.829016	0.000014	-0.001277
14.700000	-50.658516	0.000015	-0.001370
14.725000	-50.487451	0.000015	-0.001470
14.750000	-50.315761	0.000015	-0.001577
14.775000	-50.143393	0.000015	-0.001692
14.800000	-49.970290	0.000016	-0.001813
14.825000	-49.796385	0.000016	-0.001941
14.850000	-49.621539	0.000016	-0.002081
14.875000	-49.445649	0.000016	-0.002232
14.900000	-49.268624	0.000017	-0.002394
14.925000	-49.090380	0.000017	-0.002566
14.950000	-48.910830	0.000017	-0.002749
14.975000	-48.729824	0.000018	-0.002946
15.000000	-48.547175	0.000018	-0.003159
15.025000	-48.362730	0.000018	-0.003389
15.050000	-48.176348	0.000019	-0.003636
15.075000	-47.987892	0.000019	-0.003899
15.100000	-47.797209	0.000019	-0.004180
15.125000	-47.603978	0.000020	-0.004486
15.150000	-47.407948	0.000020	-0.004819
15.175000	-47.208886	0.000021	-0.005178
15.200000	-47.006562	0.000021	-0.005563
15.225000	-46.800741	0.000022	-0.005976
15.250000	-46.590926	0.000022	-0.006429
15.275000	-46.376708	0.000023	-0.006924
15.300000	-46.157690	0.000023	-0.007461
15.325000	-45.933477	0.000024	-0.008043
15.350000	-45.703548	0.000024	-0.008675
15.375000	-45.467133	0.000025	-0.009375
15.400000	-45.223540	0.000025	-0.010144
15.425000	-44.972074	0.000026	-0.010985
15.450000	-44.711946	0.000027	-0.011907
15.475000	-44.441858	0.000027	-0.012938
15.500000	-44.160602	0.000028	-0.014086
15.525000	-43.866916	0.000029	-0.015359
15.550000	-43.559116	0.000029	-0.016786
15.575000	-43.235037	0.000030	-0.018401
15.600000	-42.892459	0.000031	-0.020224
15.625000	-42.528639	0.000032	-0.022294
15.650000	-42.139825	0.000033	-0.024682
15.675000	-41.722028	0.000034	-0.027428
15.700000	-41.269738	0.000035	-0.030635
15.725000	-40.776288	0.000036	-0.034408
15.750000	-40.233119	0.000037	-0.038891
15.775000	-39.628994	0.000038	-0.044290
15.800000	-38.948917	0.000039	-0.050890
15.825000	-38.173183	0.000040	-0.059060
15.850000	-37.273411	0.000041	-0.069415
15.875000	-36.209590	0.000043	-0.082822
15.900000	-34.923172	0.000044	-0.100624
15.925000	-33.325202	0.000045	-0.124998
15.950000	-31.274643	0.000047	-0.159639
15.975000	-28.542125	0.000049	-0.210905
16.000000	-24.742975	0.000051	-0.290208
16.025000	-19.240570	0.000053	-0.417577
16.050000	-11.123922	0.000055	-0.622025
16.075000	0.183425	0.000059	-0.910188
16.100000	13.075362	0.000064	-1.162905
16.125000	23.869620	0.000077	-1.170926
16.150000	30.723254	0.000106	-0.950814
16.175000	34.459498	0.000165	-0.703368
16.200000	36.295931	0.000262	-0.527744
16.225000	36.974237	0.000402	-0.423819
16.250000	36.867172	0.000586	-0.370743
16.275000	36.215989	0.000812	-0.351587
16.300000	35.143301	0.001078	-0.352761
16.325000	33.728498	0.001382	-0.366269
16.350000	32.030977	0.001725	-0.386752
16.375000	30.101267	0.002106	-0.410483
16.400000	27.984706	0.002525	-0.434795
16.425000	25.721995	0.002985	-0.457813
16.450000	23.349125	0.003487	-0.478292
16.475000	20.897668	0.004033	-0.495494
16.500000	18.395577	0.004627	-0.509062
16.525000	15.868164	0.005270	-0.518920
16.550000	13.338511	0.005965	-0.525171
16.575000	10.827649	0.006715	-0.528037
16.600000	8.354145	0.007521	-0.527809
16.625000	5.933571	0.008384	-0.524804
16.650000	3.577989	0.009304	-0.519352
16.675000	1.295321	0.010281	-0.511738
16.700000	-0.910490	0.011313	-0.502234
16.725000	-3.039629	0.012398	-0.491051
16.750000	-5.096222	0.013533	-0.478336
16.775000	-7.087904	0.014711	-0.464177
16.800000	-9.024812	0.015930	-0.448636
16.825000	-10.919210	0.017182	-0.431730
16.850000	-12.785531	0.018460	-0.413418
16.875000	-14.639313	0.019757	-0.393646
16.900000	-16.496791	0.021065	-0.372358
16.925000	-18.374747	0.022373	-0.349494
16.950000	-20.290566	0.023673	-0.324996
16.975000	-22.261332	0.024951	-0.298836
17.000000	-24.303041	0.026196	-0.271046
17.025000	-26.429491	0.027396	-0.241768
17.050000	-28.649784	0.028536	-0.211309
17.075000	-30.965150	0.029605	-0.180189
17.100000	-33.366286	0.030591	-0.149169
17.125000	-35.828314	0.031490	-0.119258
17.150000	-38.310113	0.032301	-0.091592
17.175000	-40.755957	0.033034	-0.067285
17.200000	-43.102617	0.033704	-0.047151
17.225000	-45.291751	0.034332	-0.031510
17.250000	-47.280469	0.034933	-0.020139
17.275000	-49.047218	0.035518	-0.012374
17.300000	-50.590081	0.036091	-0.007358
17.325000	-51.921742	0.036653	-0.004273
17.350000	-53.064453	0.037203	-0.002443
17.375000	-54.045081	0.037737	-0.001388
17.400000	-54.891195	0.038256	-0.000790
17.425000	-55.628248	0.038758	-0.000455
17.450000	-56.278119	0.039243	-0.000266
17.475000	-56.858723	0.039709	-0.000160
17.500000	-57.384229	0.040157	-0.000099
17.525000	-57.865545	0.040586	-0.000063
17.550000	-58.310885	0.040996	-0.000041
17.575000	-58.726305	0.041388	-0.000028
17.600000	-59.116203	0.041762	-0.000020
17.625000	-59.483747	0.042117	-0.000015
17.650000	-59.831235	0.042455	-0.000011
17.675000	-60.160368	0.042775	-0.000009
17.700000	-60.472464	0.043078	-0.000007
17.725000	-60.768596	0.043365	-0.000006
17.750000	-61.049685	0.043635	-0.000005
17.775000	-61.316552	0.043889	-0.000004
17.800000	-61.569958	0.044128	-0.000003
17.825000	-61.810615	0.044352	-0.000003
17.850000	-62.039193	0.044561	-0.000003
17.875000	-62.256329	0.044756	-0.000002
17.900000	-62.462626	0.044938	-0.000002
17.925000	-62.658655	0.045106	-0.000002
17.950000	-62.844951	0.045262	-0.000002
17.975000	-63.022016	0.045406	-0.000001
18.000000	-63.190324	0.045537	-0.000001
18.025000	-63.350313	0.045658	-0.000001
18.050000	-63.502394	0.045767	-0.000001
18.075000	-63.646948	0.045866	-0.000001
18.100000	-63.784327	0.045955	-0.000001
18.125000	-63.914861	0.046034	-0.000001
18.150000	-64.038853	0.046104	-0.000001
18.175000	-64.156585	0.046165	-0.000001
18.200000	-64.268318	0.046218	-0.000001
18.225000	-64.374299	0.046263	-0.000001
18.250000	-64.474755	0.046300	-0.000001
18.275000	-64.569896	0.046329	-0.000001
18.300000	-64.659921	0.046352	-0.000001
18.325000	-64.745015	0.046368	-0.000001
18.350000	-64.825350	0.046377	-0.000001
18.375000	-64.901090	0.046381	-0.000001
18.400000	-64.972389	0.046379	-0.000001
18.425000	-65.039394	0.046371	-0.000001
18.450000	-65.104053	0.046358	-0.000001
18.475000	-65.165603	0.046340	-0.000001
18.500000	-65.223874	0.046317	-0.000001
18.525000	-65.278803	0.046290	-0.000001
18.550000	-65.330363	0.046258	-0.000001
18.575000	-65.378554	0.046223	-0.000001
18.600000	-65.423395	0.046184	-0.000001
18.625000	-65.464922	0.046141	-0.000001
18.650000	-65.503182	0.046095	-0.000001
18.675000	-65.538231	0.046045	-0.000001
18.700000	-65.570132	0.045992	-0.000001
18.725000	-65.598952	0.045937	-0.000000
18.750000	-65.624764	0.045879	-0.000000
18.775000	-65.647642	0.045818	-0.000000
18.800000	-65.667660	0.045754	-0.000000
18.825000	-65.684896	0.045689	-0.000000
18.850000	-65.699425	0.045621	-0.000000
18.875000	-65.711324	0.045551	-0.000000
18.900000	-65.720668	0.045479	-0.000000
18.925000	-65.727532	0.045406	-0.000000
18.950000	-65.731988	0.045331	-0.000000
18.975000	-65.734109	0.045254	-0.000000
19.000000	-65.733965	0.045175	-0.000001
19.025000	-65.731625	0.045095	-0.000001
19.050000	-65.727156	0.045014	-0.000001
19.075000	-65.720624	0.044932	-0.000001
19.100000	-65.712092	0.044848	-0.000001
19.125000	-65.701624	0.044763	-0.000001
19.150000	-65.689280	0.044678	-0.000001
19.175000	-65.675118	0.044591	-0.000001
19.200000	-65.659196	0.044503	-0.000001
19.225000	-65.641570	0.044415	-0.000001
19.250000	-65.622295	0.044326	-0.000001
19.275000	-65.601421	0.044236	-0.000001
19.300000	-65.579002	0.044145	-0.000001
19.325000	-65.555086	0.044054	-0.000001
19.350000	-65.529722	0.043962	-0.000001
19.375000	-65.502957	0.043869	-0.000001
19.400000	-65.474835	0.043776	-0.000001
19.425000	-65.445402	0.043683	-0.000001
19.450000	-65.416394	0.043589	-0.000001
19.475000	-65.387104	0.043495	-0.000001
19.500000	-65.357330	0.043400	-0.000001
19.525000	-65.326960	0.043306	-0.000001
19.550000	-65.295909	0.043210	-0.000001
19.575000	-65.264114	0.043115	-0.000001
19.600000	-65.231527	0.043019	-0.000001
19.625000	-65.198114	0.042923	-0.000001
19.650000	-65.163852	0.042827	-0.000001
19.675000	-65.128728	0.042731	-0.000001
19.700000	-65.092733	0.042634	-0.000001
19.725000	-65.055870	0.042538	-0.000001
19.750000	-65.018144	0.042441	-0.000001
19.775000	-64.979563	0.042344	-0.000001
19.800000	-64.940141	0.042248	-0.000001
19.825000	-64.899894	0.042151	-0.000001
19.850000	-64.858840	0.042054	-0.000001
19.875000	-64.816997	0.041957	-0.000001
19.900000	-64.774387	0.041860	-0.000001
19.925000	-64.731031	0.041763	-0.000001
19.950000	-64.686952	0.041665	-0.000001
19.975000	-64.642172	0.041568	-0.000001
20.000000	-64.596715	0.041471	-0.000001
20.025000	-64.550603	0.041374	-0.000001
20.050000	-64.503859	0.041278	-0.000001
20.075000	-64.456506	0.041181	-0.000001
20.100000	-64.408566	0.041084	-0.000001
20.125000	-64.360063	0.040987	-0.000001
20.150000	-64.311016	0.040890	-0.000001
20.175000	-64.261449	0.040794	-0.000001
20.200000	-64.211381	0.040697	-0.000001
20.225000	-64.160834	0.040601	-0.000002
20.250000	-64.109827	0.040505	-0.000002
20.275000	-64.058380	0.040409	-0.000002
20.300000	-64.006512	0.040312	-0.000002
20.325000	-63.954242	0.040217	-0.000002
20.350000	-63.901587	0.040121	-0.000002
20.375000	-63.848565	0.040025	-0.000002
20.400000	-63.795193	0.039929	-0.000002
20.425000	-63.741487	0.039834	-0.000002
20.450000	-63.687465	0.039739	-0.000002
20.475000	-63.633141	0.039644	-0.000002
20.500000	-63.578531	0.039549	-0.000002
20.525000	-63.523649	0.039454	-0.000002
20.550000	-63.468511	0.039359	-0.000002
20.575000	-63.413129	0.039265	-0.000002
20.600000	-63.357518	0.039170	-0.000002
20.625000	-63.301690	0.039076	-0.000003
20.650000	-63.245659	0.038982	-0.000003
20.675000	-63.189438	0.038888	-0.000003
20.700000	-63.133037	0.038794	-0.000003
20.725000	-63.076469	0.038701	-0.000003
20.750000	-63.019746	0.038608	-0.000003
20.775000	-62.962879	0.038514	-0.000003
20.800000	-62.905878	0.038421	-0.000003
20.825000	-62.848755	0.038329	-0.000003
20.850000	-62.791520	0.038236	-0.000003
20.875000	-62.734182	0.038143	-0.000003
20.900000	-62.676753	0.038051	-0.000004
20.925000	-62.619242	0.037959	-0.000004
20.950000	-62.561658	0.037867	-0.000004
20.975000	-62.504010	0.037775	-0.000004
21.000000	-62.446309	0.037684	-0.000004
21.025000	-62.388563	0.037593	-0.000004
21.050000	-62.330780	0.037501	-0.000004
21.075000	-62.272970	0.037410	-0.000004
21.100000	-62.215141	0.037320	-0.000005
21.125000	-62.157301	0.037229	-0.000005
21.150000	-62.099459	0.037139	-0.000005
21.175000	-62.041621	0.037048	-0.000005
21.200000	-61.983797	0.036958	-0.000005
21.225000	-61.925994	0.036869	-0.000005
21.250000	-61.868219	0.036779	-0.000006
21.275000	-61.810479	0.036689	-0.000006
21.300000	-61.752782	0.036600	-0.000006
21.325000	-61.695134	0.036511	-0.000006
21.350000	-61.637542	0.036422	-0.000006
21.375000	-61.580014	0.036334	-0.000007
21.400000	-61.522554	0.036245	-0.000007
21.425000	-61.465170	0.036157	-0.000007
21.450000	-61.407868	0.036069	-0.000007
21.475000	-61.350653	0.035981	-0.000007
21.500000	-61.293532	0.035893	-0.000008
21.525000	-61.236509	0.035806	-0.000008
21.550000	-61.179591	0.035718	-0.000008
21.575000	-61.122782	0.035631	-0.000008
21.600000	-61.066088	0.035544	-0.000009
21.625000	-61.009513	0.035458	-0.000009
21.650000	-60.953063	0.035371	-0.000009
21.675000	-60.896741	0.035285	-0.000010
21.700000	-60.840553	0.035199	-0.000010
21.725000	-60.784502	0.035113	-0.000010
21.750000	-60.728592	0.035027	-0.000010
21.775000	-60.672828	0.034941	-0.000011
21.800000	-60.617214	0.034856	-0.000011
21.825000	-60.561752	0.034771	-0.000012
21.850000	-60.506448	0.034686	-0.000012
21.875000	-60.451304	0.034601	-0.000012
21.900000	-60.396324	0.034516	-0.000013
21.925000	-60.341511	0.034432	-0.000013
21.950000	-60.286867	0.034348	-0.000013
21.975000	-60.232397	0.034264	-0.000014
22.000000	-60.178103	0.034180	-0.000014
22.025000	-60.123988	0.034097	-0.000015
22.050000	-60.070054	0.034013	-0.000015
22.075000	-60.016305	0.033930	-0.000015
22.100000	-59.962742	0.033847	-0.000016
22.125000	-59.909367	0.033764	-0.000016
22.150000	-59.856184	0.033681	-0.000017
22.175000	-59.803193	0.033599	-0.000017
22.200000	-59.750398	0.033517	-0.000018
22.225000	-59.697799	0.033435	-0.000018
22.250000	-59.645399	0.033353	-0.000019
22.275000	-59.593200	0.033271	-0.000019
22.300000	-59.541203	0.033190	-0.000020
22.325000	-59.489411	0.033108	-0.000020
22.350000	-59.437825	0.033027	-0.000021
22.375000	-59.386446	0.032946	-0.000022
22.400000	-59.335277	0.032866	-0.000022
22.425000	-59.284318	0.032785	-0.000023
22.450000	-59.233571	0.032705	-0.000023
22.475000	-59.183037	0.032625	-0.000024
22.500000	-59.132718	0.032545	-0.000025
22.525000	-59.082614	0.032465	-0.000025
22.550000	-59.032728	0.032385	-0.000026
22.575000	-58.983060	0.032306	-0.000027
22.600000	-58.933610	0.032227	-0.000027
22.625000	-58.884380	0.032148	-0.000028
22.650000	-58.835371	0.032069	-0.000029
22.675000	-58.786583	0.031990	-0.000029
22.700000	-58.738016	0.031912	-0.000030
22.725000	-58.689673	0.031833	-0.000031
22.750000	-58.641553	0.031755	-0.000032
22.775000	-58.593658	0.031677	-0.000033
22.800000	-58.545988	0.031600	-0.000034
22.825000	-58.498544	0.031522	-0.000034
22.850000	-58.451326	0.031445	-0.000035
22.875000	-58.404336	0.031368	-0.000036
22.900000	-58.357573	0.031291	-0.000037
22.925000	-58.311038	0.031214	-0.000038
22.950000	-58.264732	0.031137	-0.000039
22.975000	-58.218655	0.031061	-0.000040
23.000000	-58.172808	0.030984	-0.000041
23.025000	-58.127190	0.030908	-0.000042
23.050000	-58.081803	0.030832	-0.000043
23.075000	-58.036646	0.030757	-0.000044
23.100000	-57.991720	0.030681	-0.000045
23.125000	-57.947025	0.030606	-0.000046
23.150000	-57.902561	0.030531	-0.000047
23.175000	-57.858328	0.030456	-0.000048
23.200000	-57.814325	0.030381	-0.000049
23.225000	-57.770552	0.030306	-0.000050
23.250000	-57.727011	0.030232	-0.000051
23.275000	-57.683701	0.030158	-0.000052
23.300000	-57.640622	0.030083	-0.000054
23.325000	-57.597775	0.030010	-0.000055
23.350000	-57.555159	0.029936	-0.000056
23.375000	-57.512775	0.029862	-0.000057
23.400000	-57.470623	0.029789	-0.000059
23.425000	-57.428702	0.029716	-0.000060
23.450000	-57.387013	0.029643	-0.000061
23.475000	-57.345557	0.029570	-0.000062
23.500000	-57.304332	0.029497	-0.000064
23.525000	-57.263339	0.029425	-0.000065
23.550000	-57.222578	0.029352	-0.000066
23.575000	-57.182049	0.029280	-0.000068
23.600000	-57.141752	0.029208	-0.000069
23.625000	-57.101686	0.029136	-0.000070
23.650000	-57.061852	0.029065	-0.000072
23.675000	-57.022249	0.028993	-0.000073
23.700000	-56.982878	0.028922	-0.000075
23.725000	-56.943737	0.028851	-0.000076
23.750000	-56.904826	0.028780	-0.000078
23.775000	-56.866144	0.028709	-0.000079
23.800000	-56.827691	0.028639	-0.000081
23.825000	-56.789467	0.028568	-0.000082
23.850000	-56.751470	0.028498	-0.000084
23.875000	-56.713702	0.028428	-0.000086
23.900000	-56.676162	0.028358	-0.000087
23.925000	-56.638850	0.028288	-0.000089
23.950000	-56.601765	0.028219	-0.000091
23.975000	-56.564907	0.028149	-0.000092
24.000000	-56.528276	0.028080	-0.000094
24.025000	-56.491873	0.028011	-0.000096
24.050000	-56.455696	0.027942	-0.000098
24.075000	-56.419745	0.027873	-0.000100
24.100000	-56.384020	0.027805	-0.000101
24.125000	-56.348520	0.027736	-0.000103
24.150000	-56.313246	0.027668	-0.000105
24.175000	-56.278197	0.027600	-0.000107
24.200000	-56.243373	0.027532	-0.000109
24.225000	-56.208773	0.027464	-0.000110
24.250000	-56.174396	0.027397	-0.000112
24.275000	-56.140243	0.027329	-0.000114
24.300000	-56.106313	0.027262	-0.000116
24.325000	-56.072606	0.027195	-0.000118
24.350000	-56.039121	0.027128	-0.000120
24.375000	-56.005858	0.027061	-0.000122
24.400000	-55.972817	0.026995	-0.000124
24.425000	-55.939995	0.026928	-0.000126
24.450000	-55.907391	0.026862	-0.000128
24.475000	-55.875005	0.026796	-0.000130
24.500000	-55.842837	0.026730	-0.000132
24.525000	-55.810885	0.026664	-0.000134
24.550000	-55.779149	0.026599	-0.000136
24.575000	-55.747629	0.026533	-0.000138
24.600000	-55.716325	0.026468	-0.000141
24.625000	-55.685235	0.026403	-0.000143
24.650000	-55.654360	0.026338	-0.000145
24.675000	-55.623700	0.026273	-0.000147
24.700000	-55.593253	0.026208	-0.000150
24.725000	-55.563020	0.026144	-0.000152
24.750000	-55.533000	0.026079	-0.000154
24.775000	-55.503192	0.026015	-0.000157
24.800000	-55.473597	0.025951	-0.000159
24.825000	-55.444213	0.025887	-0.000161
24.850000	-55.415040	0.025824	-0.000164
24.875000	-55.386078	0.025760	-0.000166
24.900000	-55.357326	0.025697	-0.000168
24.925000	-55.328785	0.025633	-0.000171
24.950000	-55.300452	0.025570	-0.000173
24.975000	-55.272328	0.025507	-0.000175
25.000000	-55.244413	0.025444	-0.000178
25.025000	-55.216705	0.025382	-0.000180
25.050000	-55.189204	0.025319	-0.000182
25.075000	-55.161911	0.025257	-0.000185
25.100000	-55.134823	0.025195	-0.000187
25.125000	-55.107941	0.025133	-0.000189
25.150000	-55.081264	0.025071	-0.000192
25.175000	-55.054792	0.025009	-0.000194
25.200000	-55.028524	0.024948	-0.000197
25.225000	-55.002459	0.024886	-0.000199
25.250000	-54.976597	0.024825	-0.000201
25.275000	-54.950936	0.024764	-0.000204
25.300000	-54.925474	0.024703	-0.000206
25.325000	-54.900210	0.024642	-0.000209
25.350000	-54.875144	0.024581	-0.000211
25.375000	-54.850274	0.024521	-0.000214
25.400000	-54.825600	0.024461	-0.000217
25.425000	-54.801122	0.024400	-0.000219
25.450000	-54.776839	0.024340	-0.000222
25.475000	-54.752751	0.024280	-0.000225
25.500000	-54.728857	0.024221	-0.000228
25.525000	-54.705157	0.024161	-0.000230
25.550000	-54.681650	0.024101	-0.000233
25.575000	-54.658335	0.024042	-0.000236
25.600000	-54.635213	0.023983	-0.000238
25.625000	-54.612283	0.023924	-0.000241
25.650000	-54.589544	0.023865	-0.000244
25.675000	-54.566996	0.023806	-0.000247
25.700000	-54.544638	0.023748	-0.000249
25.725000	-54.522469	0.023689	-0.000252
25.750000	-54.500490	0.023631	-0.000255
25.775000	-54.478699	0.023573	-0.000257
25.800000	-54.457095	0.023515	-0.000260
25.825000	-54.435679	0.023457	-0.000263
25.850000	-54.414450	0.023399	-0.000265
25.875000	-54.393407	0.023341	-0.000268
25.900000	-54.372550	0.023284	-0.000271
25.925000	-54.351878	0.023227	-0.000273
25.950000	-54.331390	0.023169	-0.000276
25.975000	-54.311086	0.023112	-0.000279
26.000000	-54.290966	0.023055	-0.000281
26.025000	-54.271028	0.022999	-0.000284
26.050000	-54.251272	0.022942	-0.000287
26.075000	-54.231698	0.022886	-0.000289
26.100000	-54.212305	0.022829	-0.000292
26.125000	-54.193092	0.022773	-0.000294
26.150000	-54.174058	0.022717	-0.000297
26.175000	-54.155204	0.022661	-0.000300
26.200000	-54.136528	0.022605	-0.000302
26.225000	-54.118030	0.022550	-0.000305
26.250000	-54.099710	0.022494	-0.000307
26.275000	-54.081566	0.022439	-0.000310
26.300000	-54.063598	0.022383	-0.000312
26.325000	-54.045805	0.022328	-0.000315
26.350000	-54.028187	0.022273	-0.000317
26.375000	-54.010743	0.022219	-0.000320
26.400000	-53.993473	0.022164	-0.000322
26.425000	-53.976375	0.022109	-0.000325
26.450000	-53.959447	0.022055	-0.000327
26.475000	-53.942688	0.022001	-0.000330
26.500000	-53.926097	0.021946	-0.000332
26.525000	-53.909674	0.021892	-0.000335
26.550000	-53.893417	0.021839	-0.000338
26.575000	-53.877327	0.021785	-0.000341
26.600000	-53.861402	0.021731	-0.000343
26.625000	-53.845642	0.021678	-0.000346
26.650000	-53.830046	0.021624	-0.000349
26.675000	-53.814614	0.021571	-0.000351
26.700000	-53.799346	0.021518	-0.000354
26.725000	-53.784241	0.021465	-0.000356
26.750000	-53.769297	0.021412	-0.000359
26.775000	-53.754516	0.021360	-0.000362
26.800000	-53.739896	0.021307	-0.000364
26.825000	-53.725437	0.021255	-0.000367
26.850000	-53.711138	0.021202	-0.000369
26.875000	-53.696999	0.021150	-0.000372
26.900000	-53.683019	0.021098	-0.000375
26.925000	-53.669197	0.021046	-0.000377
26.950000	-53.655533	0.020994	-0.000380
26.975000	-53.642027	0.020943	-0.000382
27.000000	-53.628677	0.020891	-0.000384
27.025000	-53.615484	0.020840	-0.000387
27.050000	-53.602447	0.020789	-0.000389
27.075000	-53.589564	0.020737	-0.000392
27.100000	-53.576837	0.020686	-0.000394
27.125000	-53.564263	0.020635	-0.000396
27.150000	-53.551843	0.020585	-0.000399
27.175000	-53.539576	0.020534	-0.000401
27.200000	-53.527461	0.020484	-0.000403
27.225000	-53.515498	0.020433	-0.000406
27.250000	-53.503686	0.020383	-0.000408
27.275000	-53.492025	0.020333	-0.000410
27.300000	-53.480514	0.020283	-0.000412
27.325000	-53.469152	0.020233	-0.000415
27.350000	-53.457939	0.020183	-0.000417
27.375000	-53.446875	0.020133	-0.000419
27.400000	-53.435958	0.020084	-0.000421
27.425000	-53.425188	0.020034	-0.000423
27.450000	-53.414565	0.019985	-0.000425
27.475000	-53.404088	0.019936	-0.000427
27.500000	-53.393756	0.019887	-0.000429
27.525000	-53.383569	0.019838	-0.000431
27.550000	-53.373526	0.019789	-0.000433
27.575000	-53.363627	0.019741	-0.000435
27.600000	-53.353870	0.019692	-0.000437
27.625000	-53.344256	0.019644	-0.000439
27.650000	-53.334784	0.019595	-0.000441
27.675000	-53.325454	0.019547	-0.000443
27.700000	-53.316263	0.019499	-0.000445
27.725000	-53.307213	0.019451	-0.000447
27.750000	-53.298303	0.019403	-0.000448
27.775000	-53.289531	0.019356	-0.000450
27.800000	-53.280898	0.019308	-0.000452
27.825000	-53.272402	0.019261	-0.000454
27.850000	-53.264044	0.019213	-0.000455
27.875000	-53.255822	0.019166	-0.000457
27.900000	-53.247736	0.019119	-0.000459
27.925000	-53.239785	0.019072	-0.000460
27.950000	-53.231969	0.019025	-0.000462
27.975000	-53.224288	0.018978	-0.000464
28.000000	-53.216740	0.018932	-0.000465
28.025000	-53.209325	0.018885	-0.000467
28.050000	-53.202042	0.018839	-0.000468
28.075000	-53.194892	0.018792	-0.000470
28.100000	-53.187872	0.018746	-0.000471
28.125000	-53.180983	0.018700	-0.000473
28.150000	-53.174225	0.018654	-0.000474
28.175000	-53.167595	0.018608	-0.000476
28.200000	-53.161095	0.018562	-0.000477
28.225000	-53.154723	0.018517	-0.000478
28.250000	-53.148479	0.018471	-0.000480
28.275000	-53.142362	0.018426	-0.000481
28.300000	-53.136371	0.018381	-0.000482
28.325000	-53.130507	0.018336	-0.000483
28.350000	-53.124768	0.018290	-0.000485
28.375000	-53.119154	0.018246	-0.000486
28.400000	-53.113664	0.018201	-0.000487
28.425000	-53.108298	0.018156	-0.000488
28.450000	-53.103055	0.018111	-0.000489
28.475000	-53.097935	0.018067	-0.000490
28.500000	-53.092937	0.018023	-0.000491
28.525000	-53.088060	0.017978	-0.000493
28.550000	-53.083304	0.017934	-0.000494
28.575000	-53.078669	0.017890	-0.000495
28.600000	-53.074153	0.017846	-0.000496
28.625000	-53.069757	0.017802	-0.000497
28.650000	-53.065479	0.017759	-0.000497
28.675000	-53.061320	0.017715	-0.000498
28.700000	-53.057278	0.017671	-0.000499
28.725000	-53.053353	0.017628	-0.000500
28.750000	-53.049544	0.017585	-0.000501
28.775000	-53.045851	0.017541	-0.000502
28.800000	-53.042274	0.017498	-0.000503
28.825000	-53.038812	0.017455	-0.000503
28.850000	-53.035463	0.017413	-0.000504
28.875000	-53.032229	0.017370	-0.000505
28.900000	-53.029107	0.017327	-0.000505
28.925000	-53.026099	0.017285	-0.000506
28.950000	-53.023202	0.017242	-0.000507
28.975000	-53.020417	0.017200	-0.000507
29.000000	-53.017742	0.017158	-0.000508
29.025000	-53.015178	0.017115	-0.000509
29.050000	-53.012724	0.017073	-0.000509
29.075000	-53.010380	0.017032	-0.000510
29.100000	-53.008144	0.016990	-0.000510
29.125000	-53.006016	0.016948	-0.000511
29.150000	-53.003996	0.016906	-0.000511
29.175000	-53.002084	0.016865	-0.000512
29.200000	-53.000278	0.016824	-0.000512
29.225000	-52.998578	0.016782	-0.000512
29.250000	-52.996983	0.016741	-0.000513
29.275000	-52.995493	0.016700	-0.000513
29.300000	-52.994108	0.016659	-0.000513
29.325000	-52.992825	0.016618	-0.000514
29.350000	-52.991646	0.016577	-0.000514
29.375000	-52.990570	0.016537	-0.000514
29.400000	-52.989596	0.016496	-0.000515
29.425000	-52.988723	0.016456	-0.000515
29.450000	-52.987952	0.016415	-0.000515
29.475000	-52.987281	0.016375	-0.000515
29.500000	-52.986710	0.016335	-0.000516
29.525000	-52.986239	0.016295	-0.000516
29.550000	-52.985868	0.016255	-0.000516
29.575000	-52.985595	0.016215	-0.000516
29.600000	-52.985420	0.016175	-0.000516
29.625000	-52.985344	0.016135	-0.000516
29.650000	-52.985364	0.016096	-0.000516
29.675000	-52.985481	0.016056	-0.000516
29.700000	-52.985695	0.016017	-0.000516
29.725000	-52.986005	0.015978	-0.000516
29.750000	-52.986410	0.015938	-0.000516
29.775000	-52.986909	0.015899	-0.000516
29.800000	-52.987504	0.015860	-0.000516
29.825000	-52.988192	0.015821	-0.000516
29.850000	-52.988974	0.015783	-0.000516
29.875000	-52.989848	0.015744	-0.000515
29.900000	-52.990815	0.015705	-0.000515
29.925000	-52.991874	0.015667	-0.000515
29.950000	-52.993025	0.015628	-0.000515
29.975000	-52.994267	0.015590	-0.000514
30.000000	-52.995599	0.015552	-0.000514
30.025000	-52.997021	0.015514	-0.000514
30.050000	-52.998533	0.015476	-0.000513
30.075000	-53.000134	0.015438	-0.000513
30.100000	-53.001824	0.015400	-0.000513
30.125000	-53.003602	0.015362	-0.000512
30.150000	-53.005467	0.015324	-0.000512
30.175000	-53.007418	0.015287	-0.000512
30.200000	-53.009456	0.015249	-0.000511
30.225000	-53.011579	0.015212	-0.000511
30.250000	-53.013788	0.015175	-0.000510
30.275000	-53.016081	0.015138	-0.000510
30.300000	-53.018459	0.015100	-0.000509
30.325000	-53.020920	0.015063	-0.000509
30.350000	-53.023464	0.015027	-0.000508
30.375000	-53.026091	0.014990	-0.000508
30.400000	-53.028800	0.014953	-0.000507
30.425000	-53.031591	0.014916	-0.000507
30.450000	-53.034463	0.014880	-0.000506
30.475000	-53.037416	0.014843	-0.000505
30.500000	-53.040449	0.014807	-0.000505
30.525000	-53.043562	0.014771	-0.000504
30.550000	-53.046755	0.014734	-0.000504
30.575000	-53.050027	0.014698	-0.000503
30.600000	-53.053377	0.014662	-0.000502
30.625000	-53.056805	0.014626	-0.000502
30.650000	-53.060311	0.014591	-0.000501
30.675000	-53.063895	0.014555	-0.000500
30.700000	-53.067554	0.014519	-0.000499
30.725000	-53.071291	0.014484	-0.000499
30.750000	-53.075103	0.014448	-0.000498
30.775000	-53.078990	0.014413	-0.000497
30.800000	-53.082953	0.014377	-0.000496
30.825000	-53.086990	0.014342	-0.000495
30.850000	-53.091101	0.014307	-0.000495
30.875000	-53.095286	0.014272	-0.000494
30.900000	-53.099544	0.014237	-0.000493
30.925000	-53.103875	0.014202	-0.000492
30.950000	-53.108278	0.014167	-0.000491
30.975000	-53.112753	0.014133	-0.000490
31.000000	-53.117300	0.014098	-0.000489
31.025000	-53.121918	0.014064	-0.000488
31.050000	-53.126606	0.014029	-0.000488
31.075000	-53.131365	0.013995	-0.000487
31.100000	-53.136194	0.013961	-0.000486
31.125000	-53.141092	0.013926	-0.000485
31.150000	-53.146059	0.013892	-0.000484
31.175000	-53.151094	0.013858	-0.000483
31.200000	-53.156198	0.013824	-0.000482
31.225000	-53.161370	0.013791	-0.000481
31.250000	-53.166609	0.013757	-0.000480
31.275000	-53.171915	0.013723	-0.000479
31.300000	-53.177287	0.013689	-0.000478
31.325000	-53.182726	0.013656	-0.000476
31.350000	-53.188230	0.013623	-0.000475
31.375000	-53.193800	0.013589	-0.000474
31.400000	-53.199434	0.013556	-0.000473
31.425000	-53.205133	0.013523	-0.000472
31.450000	-53.210897	0.013490	-0.000471
31.475000	-53.216724	0.013457	-0.000470
31.500000	-53.222614	0.013424	-0.000469
31.525000	-53.228567	0.013391	-0.000467
31.550000	-53.234583	0.013358	-0.000466
31.575000	-53.240661	0.013325	-0.000465
31.600000	-53.246801	0.013293	-0.000464
31.625000	-53.253002	0.013260	-0.000463
31.650000	-53.259265	0.013228	-0.000462
31.675000	-53.265588	0.013195	-0.000460
31.700000	-53.271971	0.013163	-0.000459
31.725000	-53.278414	0.013131	-0.000458
31.750000	-53.284916	0.013099	-0.000457
31.775000	-53.291478	0.013067	-0.000455
31.800000	-53.298099	0.013035	-0.000454
31.825000	-53.304777	0.013003	-0.000453
31.850000	-53.311514	0.012971	-0.000452
31.875000	-53.318309	0.012939	-0.000450
31.900000	-53.325161	0.012908	-0.000449
31.925000	-53.332069	0.012876	-0.000448
31.950000	-53.339035	0.012845	-0.000446
31.975000	-53.346056	0.012813	-0.000445
32.000000	-53.353133	0.012782	-0.000444
32.025000	-53.360266	0.012751	-0.000442
32.050000	-53.367454	0.012719	-0.000441
32.075000	-53.374696	0.012688	-0.000440
32.100000	-53.381993	0.012657	-0.000438
32.125000	-53.389344	0.012626	-0.000437
32.150000	-53.396749	0.012595	-0.000436
32.175000	-53.404206	0.012565	-0.000434
32.200000	-53.411717	0.012534	-0.000433
32.225000	-53.419281	0.012503	-0.000431
32.250000	-53.426896	0.012473	-0.000430
32.275000	-53.434563	0.012442	-0.000429
32.300000	-53.442282	0.012412	-0.000427
32.325000	-53.450052	0.012381	-0.000426
32.350000	-53.457872	0.012351	-0.000424
32.375000	-53.465743	0.012321	-0.000423
32.400000	-53.473664	0.012291	-0.000421
32.425000	-53.481634	0.012261	-0.000420
32.450000	-53.489653	0.012231	-0.000419
32.475000	-53.497722	0.012201	-0.000417
32.500000	-53.505838	0.012171	-0.000416
32.525000	-53.514003	0.012141	-0.000414
32.550000	-53.522216	0.012112	-0.000413
32.575000	-53.530477	0.012082	-0.000411
32.600000	-53.538784	0.012052	-0.000410
32.625000	-53.547139	0.012023	-0.000408
32.650000	-53.555540	0.011994	-0.000407
32.675000	-53.563988	0.011964	-0.000405
32.700000	-53.572481	0.011935	-0.000404
32.725000	-53.581021	0.011906	-0.000402
32.750000	-53.589605	0.011877	-0.000401
32.775000	-53.598235	0.011848	-0.000399
32.800000	-53.606909	0.011819	-0.000398
32.825000	-53.615628	0.011790	-0.000396
32.850000	-53.624391	0.011761	-0.000395
32.875000	-53.633198	0.011732	-0.000393
32.900000	-53.642049	0.011704	-0.000392
32.925000	-53.650942	0.011675	-0.000390
32.950000	-53.659879	0.011646	-0.000389
32.975000	-53.668858	0.011618	-0.000387
33.000000	-53.677880	0.011590	-0.000385
33.025000	-53.686944	0.011561	-0.000384
33.050000	-53.696049	0.011533	-0.000382
33.075000	-53.705196	0.011505	-0.000381
33.100000	-53.714384	0.011477	-0.000379
33.125000	-53.723614	0.011449	-0.000378
33.150000	-53.732883	0.011421	-0.000376
33.175000	-53.742193	0.011393	-0.000375
33.200000	-53.751543	0.011365	-0.000373
33.225000	-53.760933	0.011337	-0.000371
33.250000	-53.770363	0.011309	-0.000370
33.275000	-53.779831	0.011282	-0.000368
33.300000	-53.789338	0.011254	-0.000367
33.325000	-53.798885	0.011227	-0.000365
33.350000	-53.808469	0.011199	-0.000364
33.375000	-53.818092	0.011172	-0.000362
33.400000	-53.827752	0.011145	-0.000360
33.425000	-53.837450	0.011117	-0.000359
33.450000	-53.847185	0.011090	-0.000357
33.475000	-53.856957	0.011063	-0.000356
33.500000	-53.866766	0.011036	-0.000354
33.525000	-53.876611	0.011009	-0.000352
33.550000	-53.886493	0.010982	-0.000351
33.575000	-53.896411	0.010955	-0.000349
33.600000	-53.906364	0.010929	-0.000348
33.625000	-53.916353	0.010902	-0.000346
33.650000	-53.926377	0.010875	-0.000345
33.675000	-53.936435	0.010849	-0.000343
33.700000	-53.946529	0.010822	-0.000341
33.725000	-53.956657	0.010796	-0.000340
33.750000	-53.966819	0.010769	-0.000338
33.775000	-53.977014	0.010743	-0.000337
33.800000	-53.987244	0.010717	-0.000335
33.825000	-53.997507	0.010691	-0.000333
33.850000	-54.007803	0.010665	-0.000332
33.875000	-54.018131	0.010639	-0.000330
33.900000	-54.028490	0.010613	-0.000329
33.925000	-54.038880	0.010587	-0.000327
33.950000	-54.049301	0.010561	-0.000326
33.975000	-54.059751	0.010535	-0.000324
34.000000	-54.070230	0.010509	-0.000323
34.025000	-54.080740	0.010484	-0.000322
34.050000	-54.091278	0.010458	-0.000320
34.075000	-54.101846	0.010432	-0.000319
34.100000	-54.112442	0.010407	-0.000317
34.125000	-54.123067	0.010382	-0.000316
34.150000	-54.133721	0.010356	-0.000315
34.175000	-54.144404	0.010331	-0.000313
34.200000	-54.155114	0.010306	-0.000312
34.225000	-54.165853	0.010280	-0.000310
34.250000	-54.176620	0.010255	-0.000309
34.275000	-54.187415	0.010230	-0.000308
34.300000	-54.198237	0.010205	-0.000306
34.325000	-54.209087	0.010180	-0.000305
34.350000	-54.219965	0.010156	-0.000304
34.375000	-54.230869	0.010131	-0.000302
34.400000	-54.241801	0.010106	-0.000301
34.425000	-54.252759	0.010081	-0.000299
34.450000	-54.263744	0.010057	-0.000298
34.475000	-54.274755	0.010032	-0.000297
34.500000	-54.285793	0.010008	-0.000295
34.525000	-54.296857	0.009983	-0.000294
34.550000	-54.307947	0.009959	-0.000293
34.575000	-54.319062	0.009934	-0.000291
34.600000	-54.330203	0.009910	-0.000290
34.625000	-54.341369	0.009886	-0.000288
34.650000	-54.352561	0.009862	-0.000287
34.675000	-54.363777	0.009838	-0.000286
34.700000	-54.375019	0.009814	-0.000284
34.725000	-54.386284	0.009790	-0.000283
34.750000	-54.397574	0.009766	-0.000282
34.775000	-54.408888	0.009742	-0.000280
34.800000	-54.420227	0.009718	-0.000279
34.825000	-54.431589	0.009695	-0.000277
34.850000	-54.442974	0.009671	-0.000276
34.875000	-54.454383	0.009647	-0.000275
34.900000	-54.465815	0.009624	-0.000273
34.925000	-54.477270	0.009600	-0.000272
34.950000	-54.488748	0.009577	-0.000271
34.975000	-54.500249	0.009553	-0.000269
35.000000	-54.511773	0.009530	-0.000268
35.025000	-54.523318	0.009507	-0.000267
35.050000	-54.534886	0.009484	-0.000265
35.075000	-54.546476	0.009460	-0.000264
35.100000	-54.558088	0.009437	-0.000263
35.125000	-54.569722	0.009414	-0.000261
35.150000	-54.581377	0.009391	-0.000260
35.175000	-54.593053	0.009368	-0.000259
35.200000	-54.604751	0.009345	-0.000257
35.225000	-54.616470	0.009323	-0.000256
35.250000	-54.628209	0.009300	-0.000255
35.275000	-54.639970	0.009277	-0.000253
35.300000	-54.651750	0.009255	-0.000252
35.325000	-54.663552	0.009232	-0.000251
35.350000	-54.675373	0.009209	-0.000249
35.375000	-54.687215	0.009187	-0.000248
35.400000	-54.699076	0.009164	-0.000247
35.425000	-54.710957	0.009142	-0.000245
35.450000	-54.722858	0.009120	-0.000244
35.475000	-54.734778	0.009097	-0.000243
35.500000	-54.746717	0.009075	-0.000242
35.525000	-54.758676	0.009053	-0.000240
35.550000	-54.770653	0.009031	-0.000239
35.575000	-54.782649	0.009009	-0.000238
35.600000	-54.794664	0.008987	-0.000236
35.625000	-54.806697	0.008965	-0.000235
35.650000	-54.818748	0.008943	-0.000234
35.675000	-54.830818	0.008921	-0.000232
35.700000	-54.842905	0.008900	-0.000231
35.725000	-54.855010	0.008878	-0.000230
35.750000	-54.867133	0.008856	-0.000229
35.775000	-54.879274	0.008834	-0.000227
35.800000	-54.891431	0.008813	-0.000226
35.825000	-54.903606	0.008791	-0.000225
35.850000	-54.915798	0.008770	-0.000224
35.875000	-54.928006	0.008749	-0.000222
35.900000	-54.940231	0.008727	-0.000221
35.925000	-54.952473	0.008706	-0.000220
35.950000	-54.964732	0.008685	-0.000219
35.975000	-54.977006	0.008663	-0.000217
36.000000	-54.989297	0.008642	-0.000216
36.025000	-55.001604	0.008621	-0.000215
36.050000	-55.013927	0.008600	-0.000214
36.075000	-55.026264	0.008579	-0.000212
36.100000	-55.038616	0.008558	-0.000211
36.125000	-55.050981	0.008537	-0.000210
36.150000	-55.063361	0.008516	-0.000209
36.175000	-55.075754	0.008496	-0.000208
36.200000	-55.088161	0.008475	-0.000207
36.225000	-55.100581	0.008454	-0.000206
36.250000	-55.113015	0.008434	-0.000205
36.275000	-55.125462	0.008413	-0.000204
36.300000	-55.137922	0.008392	-0.000203
36.325000	-55.150396	0.008372	-0.000201
36.350000	-55.162882	0.008351	-0.000200
36.375000	-55.175382	0.008331	-0.000199
36.400000	-55.187894	0.008311	-0.000198
36.425000	-55.200420	0.008290	-0.000197
36.450000	-55.212959	0.008270	-0.000196
36.475000	-55.225510	0.008250	-0.000195
36.500000	-55.238074	0.008230	-0.000194
36.525000	-55.250651	0.008210	-0.000193
36.550000	-55.263240	0.008190	-0.000192
36.575000	-55.275842	0.008170	-0.000191
36.600000	-55.288456	0.008150	-0.000190
36.625000	-55.301083	0.008130	-0.000189
36.650000	-55.313722	0.008110	-0.000188
36.675000	-55.326373	0.008090	-0.000187
36.700000	-55.339036	0.008070	-0.000186
36.725000	-55.351711	0.008051	-0.000185
36.750000	-55.364398	0.008031	-0.000184
36.775000	-55.377096	0.008012	-0.000183
36.800000	-55.389806	0.007992	-0.000182
36.825000	-55.402528	0.007972	-0.000181
36.850000	-55.415261	0.007953	-0.000180
36.875000	-55.428005	0.007934	-0.000179
36.900000	-55.440760	0.007914	-0.000178
36.925000	-55.453527	0.007895	-0.000177
36.950000	-55.466304	0.007876	-0.000176
36.975000	-55.479093	0.007856	-0.000175
37.000000	-55.491892	0.007837	-0.000174
37.025000	-55.504702	0.007818	-0.000173
37.050000	-55.517522	0.007799	-0.000172
37.075000	-55.530353	0.007780	-0.000171
37.100000	-55.543195	0.007761	-0.000170
37.125000	-55.556046	0.007742	-0.000169
37.150000	-55.568908	0.007723	-0.000168
37.175000	-55.581781	0.007704	-0.000167
37.200000	-55.594663	0.007685	-0.000166
37.225000	-55.607555	0.007667	-0.000166
37.250000	-55.620456	0.007648	-0.000165
37.275000	-55.633368	0.007629	-0.000164
37.300000	-55.646289	0.007611	-0.000163
37.325000	-55.659220	0.007592	-0.000162
37.350000	-55.672160	0.007573	-0.000161
37.375000	-55.685109	0.007555	-0.000160
37.400000	-55.698068	0.007536	-0.000159
37.425000	-55.711036	0.007518	-0.000158
37.450000	-55.724012	0.007500	-0.000157
37.475000	-55.736998	0.007481	-0.000156
37.500000	-55.749993	0.007463	-0.000155
37.525000	-55.762996	0.007445	-0.000154
37.550000	-55.776008	0.007427	-0.000153
37.575000	-55.789029	0.007409	-0.000152
37.600000	-55.802058	0.007391	-0.000152
37.625000	-55.815096	0.007372	-0.000151
37.650000	-55.828142	0.007354	-0.000150
37.675000	-55.841196	0.007336	-0.000149
37.700000	-55.854258	0.007319	-0.000148
37.725000	-55.867329	0.007301	-0.000147
37.750000	-55.880407	0.007283	-0.000146
37.775000	-55.893494	0.007265	-0.000145
37.800000	-55.906588	0.007247	-0.000144
37.825000	-55.919690	0.007230	-0.000143
37.850000	-55.932800	0.007212	-0.000143
37.875000	-55.951175	0.007194	-0.000142
37.900000	-55.972488	0.007177	-0.000141
37.925000	-55.995979	0.007159	-0.000140
37.950000	-56.021162	0.007142	-0.000138
37.975000	-56.047646	0.007124	-0.000137
38.000000	-56.075103	0.007107	-0.000136
38.025000	-56.103262	0.007090	-0.000134
38.050000	-56.131895	0.007072	-0.000133
38.075000	-56.160813	0.007055	-0.000131
38.100000	-56.189860	0.007038	-0.000130
38.125000	-56.218909	0.007021	-0.000128
38.150000	-56.247857	0.007003	-0.000127
38.175000	-56.276621	0.006986	-0.000125
38.200000	-56.305134	0.006969	-0.000124
38.225000	-56.333345	0.006952	-0.000122
38.250000	-56.361215	0.006935	-0.000121
38.275000	-56.388714	0.006918	-0.000119
38.300000	-56.415822	0.006901	-0.000118
38.325000	-56.442525	0.006885	-0.000116
38.350000	-56.468815	0.006868	-0.000115
38.375000	-56.494689	0.006851	-0.000113
38.400000	-56.520147	0.006834	-0.000112
38.425000	-56.545193	0.006818	-0.000111
38.450000	-56.569834	0.006801	-0.000109
38.475000	-56.594077	0.006784	-0.000108
38.500000	-56.617933	0.006768	-0.000107
38.525000	-56.641411	0.006751	-0.000106
38.550000	-56.664524	0.006735	-0.000105
38.575000	-56.687283	0.006718	-0.000103
38.600000	-56.709701	0.006702	-0.000102
38.625000	-56.731790	0.006685	-0.000101
38.650000	-56.753564	0.006669	-0.000100
38.675000	-56.775033	0.006653	-0.000099
38.700000	-56.796211	0.006637	-0.000098
38.725000	-56.817109	0.006620	-0.000097
38.750000	-56.837739	0.006604	-0.000096
38.775000	-56.858112	0.006588	-0.000095
38.800000	-56.878240	0.006572	-0.000094
38.825000	-56.898132	0.006556	-0.000093
38.850000	-56.917798	0.006540	-0.000092
38.875000	-56.937250	0.006524	-0.000091
38.900000	-56.956494	0.006508	-0.000090
38.925000	-56.975541	0.006492	-0.000090
38.950000	-56.994399	0.006476	-0.000089
38.975000	-57.013076	0.006460	-0.000088
39.000000	-57.031579	0.006444	-0.000087
39.025000	-57.049915	0.006429	-0.000086
39.050000	-57.068090	0.006413	-0.000086
39.075000	-57.086111	0.006397	-0.000085
39.100000	-57.103985	0.006382	-0.000084
39.125000	-57.121717	0.006366	-0.000083
39.150000	-57.139313	0.006351	-0.000083
39.175000	-57.156778	0.006335	-0.000082
39.200000	-57.174118	0.006319	-0.000082
39.225000	-57.191337	0.006304	-0.000081
39.250000	-57.208439	0.006289	-0.000080
39.275000	-57.225430	0.006273	-0.000080
39.300000	-57.242313	0.006258	-0.000079
39.325000	-57.259092	0.006243	-0.000079
39.350000	-57.275770	0.006227	-0.000078
39.375000	-57.292353	0.006212	-0.000077
39.400000	-57.308842	0.006197	-0.000077
39.425000	-57.325241	0.006182	-0.000076
39.450000	-57.341553	0.006167	-0.000076
39.475000	-57.357781	0.006152	-0.000075
39.500000	-57.373928	0.006137	-0.000075
39.525000	-57.389996	0.006122	-0.000074
39.550000	-57.405988	0.006107	-0.000074
39.575000	-57.421906	0.006092	-0.000073
39.600000	-57.437752	0.006077	-0.000073
39.625000	-57.453529	0.006062	-0.000072
39.650000	-57.469239	0.006047	-0.000071
39.675000	-57.484884	0.006032	-0.000071
39.700000	-57.500466	0.006017	-0.000070
39.725000	-57.515986	0.006003	-0.000070
39.750000	-57.531446	0.005988	-0.000069
39.775000	-57.546848	0.005973	-0.000069
39.800000	-57.562194	0.005959	-0.000069
39.825000	-57.577485	0.005944	-0.000068
39.850000	-57.592722	0.005930	-0.000068
39.875000	-57.607908	0.005915	-0.000067
39.900000	-57.623043	0.005901	-0.000067
39.925000	-57.638129	0.005886	-0.000066
39.950000	-57.653166	0.005872	-0.000066
39.975000	-57.668157	0.005857	-0.000065
40.000000	-57.683103	0.005843	-0.000065
40.025000	-57.698004	0.005829	-0.000064
40.050000	-57.712861	0.005815	-0.000064
40.075000	-57.727677	0.005800	-0.000063
40.100000	-57.742451	0.005786	-0.000063
40.125000	-57.757185	0.005772	-0.000063
40.150000	-57.771880	0.005758	-0.000062
40.175000	-57.786536	0.005744	-0.000062
40.200000	-57.801155	0.005730	-0.000061
40.225000	-57.815737	0.005716	-0.000061
40.250000	-57.830284	0.005702	-0.000060
40.275000	-57.844795	0.005688	-0.000060
40.300000	-57.859273	0.005674	-0.000060
40.325000	-57.873717	0.005660	-0.000059
40.350000	-57.888128	0.005646	-0.000059
40.375000	-57.902508	0.005632	-0.000058
40.400000	-57.916857	0.005618	-0.000058
40.425000	-57.931175	0.005605	-0.000058
40.450000	-57.945463	0.005591	-0.000057
40.475000	-57.959722	0.005577	-0.000057
40.500000	-57.973953	0.005564	-0.000056
40.525000	-57.988156	0.005550	-0.000056
40.550000	-58.002331	0.005536	-0.000056
40.575000	-58.016480	0.005523	-0.000055
40.600000	-58.030602	0.005509	-0.000055
40.625000	-58.044698	0.005496	-0.000055
40.650000	-58.058768	0.005482	-0.000054
40.675000	-58.072814	0.005469	-0.000054
40.700000	-58.086835	0.005456	-0.000054
40.725000	-58.100831	0.005442	-0.000053
40.750000	-58.114805	0.005429	-0.000053
40.775000	-58.128755	0.005416	-0.000053
40.800000	-58.142683	0.005402	-0.000052
40.825000	-58.156588	0.005389	-0.000052
40.850000	-58.170472	0.005376	-0.000052
40.875000	-58.184335	0.005363	-0.000051
40.900000	-58.198177	0.005350	-0.000051
40.925000	-58.211998	0.005337	-0.000051
40.950000	-58.225800	0.005323	-0.000050
40.975000	-58.239582	0.005310	-0.000050
41.000000	-58.253345	0.005297	-0.000050
41.025000	-58.267089	0.005284	-0.000050
41.050000	-58.280814	0.005271	-0.000049
41.075000	-58.294522	0.005259	-0.000049
41.100000	-58.308212	0.005246	-0.000049
41.125000	-58.321885	0.005233	-0.000048
41.150000	-58.335540	0.005220	-0.000048
41.175000	-58.349179	0.005207	-0.000048
41.200000	-58.362801	0.005194	-0.000047
41.225000	-58.376407	0.005182	-0.000047
41.250000	-58.389998	0.005169	-0.000047
41.275000	-58.403573	0.005156	-0.000047
41.300000	-58.417132	0.005144	-0.000046
41.325000	-58.430677	0.005131	-0.000046
41.350000	-58.444207	0.005119	-0.000046
41.375000	-58.457722	0.005106	-0.000045
41.400000	-58.471224	0.005094	-0.000045
41.425000	-58.484711	0.005081	-0.000045
41.450000	-58.498185	0.005069	-0.000045
41.475000	-58.511645	0.005056	-0.000044
41.500000	-58.525092	0.005044	-0.000044
41.525000	-58.538526	0.005031	-0.000044
41.550000	-58.551947	0.005019	-0.000044
41.575000	-58.565356	0.005007	-0.000043
41.600000	-58.578752	0.004995	-0.000043
41.625000	-58.592136	0.004982	-0.000043
41.650000	-58.605508	0.004970	-0.000043
41.675000	-58.618869	0.004958	-0.000042
41.700000	-58.632218	0.004946	-0.000042
41.725000	-58.645555	0.004934	-0.000042
41.750000	-58.658881	0.004922	-0.000042
41.775000	-58.672197	0.004909	-0.000041
41.800000	-58.685501	0.004897	-0.000041
41.825000	-58.698794	0.004885	-0.000041
41.850000	-58.712078	0.004873	-0.000040
41.875000	-58.725350	0.004862	-0.000040
41.900000	-58.738613	0.004850	-0.000040
41.925000	-58.751865	0.004838	-0.000040
41.950000	-58.765108	0.004826	-0.000039
41.975000	-58.778341	0.004814	-0.000039
42.000000	-58.791564	0.004802	-0.000039
42.025000	-58.804777	0.004790	-0.000039
42.050000	-58.817982	0.004779	-0.000038
42.075000	-58.831177	0.004767	-0.000038
42.100000	-58.844363	0.004755	-0.000038
42.125000	-58.857540	0.004744	-0.000038
42.150000	-58.870708	0.004732	-0.000038
42.175000	-58.883867	0.004720	-0.000037
42.200000	-58.897018	0.004709	-0.000037
42.225000	-58.910160	0.004697	-0.000037
42.250000	-58.923294	0.004686	-0.000037
42.275000	-58.936420	0.004674	-0.000036
42.300000	-58.949537	0.004663	-0.000036
42.325000	-58.962647	0.004651	-0.000036
42.350000	-58.975748	0.004640	-0.000036
42.375000	-58.988842	0.004629	-0.000035
42.400000	-59.001927	0.004617	-0.000035
42.425000	-59.015005	0.004606	-0.000035
42.450000	-59.028075	0.004595	-0.000035
42.475000	-59.041138	0.004583	-0.000035
42.500000	-59.054193	0.004572	-0.000034
42.525000	-59.067240	0.004561	-0.000034
42.550000	-59.080279	0.004550	-0.000034
42.575000	-59.093311	0.004539	-0.000034
42.600000	-59.106336	0.004527	-0.000034
42.625000	-59.119353	0.004516	-0.000033
42.650000	-59.132363	0.004505	-0.000033
42.675000	-59.145366	0.004494	-0.000033
42.700000	-59.158362	0.004483	-0.000033
42.725000	-59.171351	0.004472	-0.000033
42.750000	-59.184334	0.004461	-0.000032
42.775000	-59.197309	0.004450	-0.000032
42.800000	-59.210277	0.004439	-0.000032
42.825000	-59.223239	0.004429	-0.000032
42.850000	-59.236195	0.004418	-0.000032
42.875000	-59.249144	0.004407	-0.000032
42.900000	-59.262086	0.004396	-0.000031
42.925000	-59.275022	0.004385	-0.000031
42.950000	-59.287951	0.004374	-0.000031
42.975000	-59.300875	0.004364	-0.000031
43.000000	-59.313792	0.004353	-0.000031
43.025000	-59.326702	0.004342	-0.000030
43.050000	-59.339607	0.004332	-0.000030
43.075000	-59.352505	0.004321	-0.000030
43.100000	-59.365398	0.004311	-0.000030
43.125000	-59.378284	0.004300	-0.000030
43.150000	-59.391165	0.004289	-0.000030
43.175000	-59.404040	0.004279	-0.000029
43.200000	-59.416908	0.004268	-0.000029
43.225000	-59.429771	0.004258	-0.000029
43.250000	-59.442629	0.004247	-0.000029
43.275000	-59.455480	0.004237	-0.000029
43.300000	-59.468326	0.004227	-0.000029
43.325000	-59.481166	0.004216	-0.000028
43.350000	-59.494000	0.004206	-0.000028
43.375000	-59.506829	0.004196	-0.000028
43.400000	-59.519652	0.004185	-0.000028
43.425000	-59.532470	0.004175	-0.000028
43.450000	-59.545282	0.004165	-0.000028
43.475000	-59.558089	0.004155	-0.000027
43.500000	-59.570891	0.004144	-0.000027
43.525000	-59.583687	0.004134	-0.000027
43.550000	-59.596477	0.004124	-0.000027
43.575000	-59.609262	0.004114	-0.000027
43.600000	-59.622042	0.004104	-0.000027
43.625000	-59.634817	0.004094	-0.000026
43.650000	-59.647586	0.004084	-0.000026
43.675000	-59.660350	0.004074	-0.000026
43.700000	-59.673109	0.004064	-0.000026
43.725000	-59.685863	0.004054	-0.000026
43.750000	-59.698611	0.004044	-0.000026
43.775000	-59.711354	0.004034	-0.000026
43.800000	-59.724092	0.004024	-0.000025
43.825000	-59.736825	0.004014	-0.000025
43.850000	-59.749553	0.004004	-0.000025
43.875000	-59.762276	0.003994	-0.000025
43.900000	-59.774994	0.003985	-0.000025
43.925000	-59.787706	0.003975	-0.000025
43.950000	-59.800413	0.003965	-0.000024
43.975000	-59.813116	0.003955	-0.000024
44.000000	-59.825813	0.003946	-0.000024
44.025000	-59.838506	0.003936	-0.000024
44.050000	-59.851193	0.003926	-0.000024
44.075000	-59.863875	0.003917	-0.000024
44.100000	-59.876553	0.003907	-0.000024
44.125000	-59.889225	0.003897	-0.000023
44.150000	-59.901892	0.003888	-0.000023
44.175000	-59.914555	0.003878	-0.000023
44.200000	-59.927212	0.003869	-0.000023
44.225000	-59.939865	0.003859	-0.000023
44.250000	-59.952512	0.003850	-0.000023
44.275000	-59.965155	0.003840	-0.000023
44.300000	-59.977792	0.003831	-0.000022
44.325000	-59.990425	0.003822	-0.000022
44.350000	-60.003053	0.003812	-0.000022
44.375000	-60.015676	0.003803	-0.000022
44.400000	-60.028294	0.003794	-0.000022
44.425000	-60.040907	0.003784	-0.000022
44.450000	-60.053514	0.003775	-0.000022
44.475000	-60.066117	0.003766	-0.000021
44.500000	-60.078714	0.003756	-0.000021
44.525000	-60.091307	0.003747	-0.000021
44.550000	-60.103894	0.003738	-0.000021
44.575000	-60.116477	0.003729	-0.000021
44.600000	-60.129054	0.003720	-0.000021
44.625000	-60.141626	0.003711	-0.000021
44.650000	-60.154193	0.003701	-0.000021
44.675000	-60.166755	0.003692	-0.000021
44.700000	-60.179313	0.003683	-0.000020
44.725000	-60.191865	0.003674	-0.000020
44.750000	-60.204412	0.003665	-0.000020
44.775000	-60.216954	0.003656	-0.000020
44.800000	-60.229491	0.003647	-0.000020
44.825000	-60.242023	0.003638	-0.000020
44.850000	-60.254550	0.003629	-0.000020
44.875000	-60.267072	0.003620	-0.000020
44.900000	-60.279589	0.003612	-0.000020
44.925000	-60.292101	0.003603	-0.000019
44.950000	-60.304608	0.003594	-0.000019
44.975000	-60.317110	0.003585	-0.000019
45.000000	-60.329608	0.003576	-0.000019
45.025000	-60.342100	0.003567	-0.000019
45.050000	-60.354587	0.003559	-0.000019
45.075000	-60.367069	0.003550	-0.000019
45.100000	-60.379546	0.003541	-0.000019
45.125000	-60.392018	0.003533	-0.000019
45.150000	-60.404485	0.003524	-0.000018
45.175000	-60.416947	0.003515	-0.000018
45.200000	-60.429404	0.003507	-0.000018
45.225000	-60.441856	0.003498	-0.000018
45.250000	-60.454303	0.003489	-0.000018
45.275000	-60.466745	0.003481	-0.000018
45.300000	-60.479183	0.003472	-0.000018
45.325000	-60.491615	0.003464	-0.000018
45.350000	-60.504041	0.003455	-0.000018
45.375000	-60.516463	0.003447	-0.000018
45.400000	-60.528880	0.003438	-0.000017
45.425000	-60.541292	0.003430	-0.000017
45.450000	-60.553699	0.003421	-0.000017
45.475000	-60.566101	0.003413	-0.000017
45.500000	-60.578497	0.003405	-0.000017
45.525000	-60.590889	0.003396	-0.000017
45.550000	-60.603276	0.003388	-0.000017
45.575000	-60.615657	0.003380	-0.000017
45.600000	-60.628033	0.003371	-0.000017
45.625000	-60.640405	0.003363	-0.000017
45.650000	-60.652771	0.003355	-0.000016
45.675000	-60.665132	0.003347	-0.000016
45.700000	-60.677488	0.003338	-0.000016
45.725000	-60.689838	0.003330	-0.000016
45.750000	-60.702184	0.003322	-0.000016
45.775000	-60.714525	0.003314	-0.000016
45.800000	-60.726860	0.003306	-0.000016
45.825000	-60.739190	0.003298	-0.000016
45.850000	-60.751515	0.003289	-0.000016
45.875000	-60.763835	0.003281	-0.000016
45.900000	-60.776149	0.003273	-0.000015
45.925000	-60.788459	0.003265	-0.000015
45.950000	-60.800763	0.003257	-0.000015
45.975000	-60.813062	0.003249	-0.000015
46.000000	-60.825356	0.003241	-0.000015
46.025000	-60.837644	0.003233	-0.000015
46.050000	-60.849927	0.003225	-0.000015
46.075000	-60.862205	0.003217	-0.000015
46.100000	-60.874478	0.003210	-0.000015
46.125000	-60.886745	0.003202	-0.000015
46.150000	-60.899007	0.003194	-0.000015
46.175000	-60.911264	0.003186	-0.000014
46.200000	-60.923515	0.003178	-0.000014
46.225000	-60.935761	0.003170	-0.000014
46.250000	-60.948002	0.003163	-0.000014
46.275000	-60.960238	0.003155	-0.000014
46.300000	-60.972468	0.003147	-0.000014
46.325000	-60.984692	0.003139	-0.000014
46.350000	-60.996912	0.003132	-0.000014
46.375000	-61.009126	0.003124	-0.000014
46.400000	-61.021334	0.003116	-0.000014
46.425000	-61.033537	0.003109	-0.000014
46.450000	-61.045734	0.003101	-0.000014
46.475000	-61.057926	0.003093	-0.000013
46.500000	-61.070112	0.003086	-0.000013
46.525000	-61.082293	0.003078	-0.000013
46.550000	-61.094468	0.003071	-0.000013
46.575000	-61.106638	0.003063	-0.000013
46.600000	-61.118801	0.003055	-0.000013
46.625000	-61.130960	0.003048	-0.000013
46.650000	-61.143112	0.003040	-0.000013
46.675000	-61.155259	0.003033	-0.000013
46.700000	-61.167400	0.003026	-0.000013
46.725000	-61.179536	0.003018	-0.000013
46.750000	-61.191666	0.003011	-0.000013
46.775000	-61.203791	0.003003	-0.000013
46.800000	-61.215909	0.002996	-0.000013
46.825000	-61.228022	0.002989	-0.000012
46.850000	-61.240129	0.002981	-0.000012
46.875000	-61.252231	0.002974	-0.000012
46.900000	-61.264327	0.002967	-0.000012
46.925000	-61.276417	0.002959	-0.000012
46.950000	-61.288502	0.002952	-0.000012
46.975000	-61.300580	0.002945	-0.000012
47.000000	-61.312653	0.002938	-0.000012
47.025000	-61.324720	0.002930	-0.000012
47.050000	-61.336782	0.002923	-0.000012
47.075000	-61.348837	0.002916	-0.000012
47.100000	-61.360887	0.002909	-0.000012
47.125000	-61.372931	0.002902	-0.000012
47.150000	-61.384969	0.002895	-0.000012
47.175000	-61.397002	0.002887	-0.000012
47.200000	-61.409028	0.002880	-0.000011
47.225000	-61.421049	0.002873	-0.000011
47.250000	-61.433064	0.002866	-0.000011
47.275000	-61.445073	0.002859	-0.000011
47.300000	-61.457076	0.002852	-0.000011
47.325000	-61.469073	0.002845	-0.000011
47.350000	-61.481065	0.002838	-0.000011
47.375000	-61.493050	0.002831	-0.000011
47.400000	-61.505029	0.002824	-0.000011
47.425000	-61.517003	0.002817	-0.000011
47.450000	-61.528971	0.002810	-0.000011
47.475000	-61.540932	0.002803	-0.000011
47.500000	-61.552888	0.002797	-0.000011
47.525000	-61.564837	0.002790	-0.000011
47.550000	-61.576781	0.002783	-0.000011
47.575000	-61.588719	0.002776	-0.000011
47.600000	-61.600650	0.002769	-0.000010
47.625000	-61.612576	0.002762	-0.000010
47.650000	-61.624495	0.002756	-0.000010
47.675000	-61.636409	0.002749	-0.000010
47.700000	-61.648316	0.002742	-0.000010
47.725000	-61.660217	0.002735	-0.000010
47.750000	-61.672113	0.002729	-0.000010
47.775000	-61.684002	0.002722	-0.000010
47.800000	-61.695885	0.002715	-0.000010
47.825000	-61.707761	0.002708	-0.000010
47.850000	-61.719632	0.002702	-0.000010
47.875000	-61.731496	0.002695	-0.000010
47.900000	-61.743355	0.002689	-0.000010
47.925000	-61.755207	0.002682	-0.000010
47.950000	-61.767053	0.002675	-0.000010
47.975000	-61.778892	0.002669	-0.000010
48.000000	-61.790726	0.002662	-0.000010
48.025000	-61.802553	0.002656	-0.000009
48.050000	-61.814374	0.002649	-0.000009
48.075000	-61.826189	0.002643	-0.000009
48.100000	-61.837997	0.002636	-0.000009
48.125000	-61.849799	0.002630	-0.000009
48.150000	-61.861595	0.002623	-0.000009
48.175000	-61.873384	0.002617	-0.000009
48.200000	-61.885168	0.002610	-0.000009
48.225000	-61.896944	0.002604	-0.000009
48.250000	-61.908715	0.002597	-0.000009
48.275000	-61.920479	0.002591	-0.000009
48.300000	-61.932237	0.002585	-0.000009
48.325000	-61.943988	0.002578	-0.000009
48.350000	-61.955733	0.002572	-0.000009
48.375000	-61.967471	0.002566	-0.000009
48.400000	-61.979203	0.002559	-0.000009
48.425000	-61.990929	0.002553	-0.000009
48.450000	-62.002648	0.002547	-0.000009
48.475000	-62.014361	0.002541	-0.000009
48.500000	-62.026067	0.002534	-0.000008
48.525000	-62.037766	0.002528	-0.000008
48.550000	-62.049459	0.002522	-0.000008
48.575000	-62.061145	0.002516	-0.000008
48.600000	-62.072825	0.002510	-0.000008
48.625000	-62.084498	0.002503	-0.000008
48.650000	-62.096165	0.002497	-0.000008
48.675000	-62.107825	0.002491	-0.000008
48.700000	-62.119478	0.002485	-0.000008
48.725000	-62.131124	0.002479	-0.000008
48.750000	-62.142764	0.002473	-0.000008
48.775000	-62.154398	0.002467	-0.000008
48.800000	-62.166024	0.002461	-0.000008
48.825000	-62.177644	0.002455	-0.000008
48.850000	-62.189257	0.002449	-0.000008
48.875000	-62.200863	0.002442	-0.000008
48.900000	-62.212463	0.002436	-0.000008
48.925000	-62.224056	0.002430	-0.000008
48.950000	-62.235642	0.002425	-0.000008
48.975000	-62.247222	0.002419	-0.000008
49.000000	-62.258794	0.002413	-0.000008
49.025000	-62.270360	0.002407	-0.000008
49.050000	-62.281919	0.002401	-0.000008
49.075000	-62.293472	0.002395	-0.000007
49.100000	-62.305017	0.002389	-0.000007
49.125000	-62.316556	0.002383	-0.000007
49.150000	-62.328088	0.002377	-0.000007
49.175000	-62.339613	0.002371	-0.000007
49.200000	-62.351131	0.002366	-0.000007
49.225000	-62.362642	0.002360	-0.000007
49.250000	-62.374146	0.002354	-0.000007
49.275000	-62.385644	0.002348	-0.000007
49.300000	-62.397135	0.002342	-0.000007
49.325000	-62.408618	0.002337	-0.000007
49.350000	-62.420095	0.002331	-0.000007
49.375000	-62.431565	0.002325	-0.000007
49.400000	-62.443028	0.002319	-0.000007
49.425000	-62.454484	0.002314	-0.000007
49.450000	-62.465933	0.002308	-0.000007
49.475000	-62.477375	0.002302	-0.000007
49.500000	-62.488810	0.002297	-0.000007
49.525000	-62.500238	0.002291	-0.000007
49.550000	-62.511659	0.002285	-0.000007
49.575000	-62.523073	0.002280	-0.000007
49.600000	-62.534480	0.002274	-0.000007
49.625000	-62.545880	0.002269	-0.000007
49.650000	-62.557273	0.002263	-0.000007
49.675000	-62.568658	0.002257	-0.000007
49.700000	-62.580037	0.002252	-0.000007
49.725000	-62.591409	0.002246	-0.000007
49.750000	-62.602773	0.002241	-0.000006
49.775000	-62.614131	0.002235	-0.000006
49.800000	-62.625481	0.002230	-0.000006
49.825000	-62.636824	0.002224	-0.000006
49.850000	-62.648160	0.002219	-0.000006
49.875000	-62.659489	0.002213	-0.000006
49.900000	-62.670811	0.002208	-0.000006
49.925000	-62.682125	0.002203	-0.000006
49.950000	-62.693433	0.002197	-0.000006
49.975000	-62.704733	0.002192	-0.000006
50.000000	-62.716026	0.002186	-0.000006
50.025000	-62.727312	0.002181	-0.000006
50.050000	-62.738590	0.002176	-0.000006
50.075000	-62.749861	0.002170	-0.000006
50.100000	-62.761125	0.002165	-0.000006
50.125000	-62.772382	0.002160	-0.000006
50.150000	-62.783631	0.002154	-0.000006
50.175000	-62.794874	0.002149	-0.000006
50.200000	-62.806109	0.002144	-0.000006
50.225000	-62.817336	0.002138	-0.000006
50.250000	-62.828556	0.002133	-0.000006
50.275000	-62.839769	0.002128	-0.000006
50.300000	-62.850975	0.002123	-0.000006
50.325000	-62.862173	0.002117	-0.000006
50.350000	-62.873364	0.002112	-0.000006
50.375000	-62.884548	0.002107	-0.000006
50.400000	-62.895724	0.002102	-0.000006
50.425000	-62.906893	0.002097	-0.000006
50.450000	-62.918054	0.002092	-0.000006
50.475000	-62.929208	0.002086	-0.000005
50.500000	-62.940354	0.002081	-0.000005
50.525000	-62.951494	0.002076	-0.000005
50.550000	-62.962625	0.002071	-0.000005
50.575000	-62.973750	0.002066	-0.000005
50.600000	-62.984866	0.002061	-0.000005
50.625000	-62.995976	0.002056	-0.000005
50.650000	-63.007077	0.002051	-0.000005
50.675000	-63.018172	0.002046	-0.000005
50.700000	-63.029259	0.002041	-0.000005
50.725000	-63.040338	0.002036	-0.000005
50.750000	-63.051409	0.002031	-0.000005
50.775000	-63.062474	0.002026	-0.000005
50.800000	-63.073530	0.002021	-0.000005
50.825000	-63.084579	0.002016	-0.000005
50.850000	-63.095620	0.002011	-0.000005
50.875000	-63.106654	0.002006	-0.000005
50.900000	-63.117680	0.002001	-0.000005
50.925000	-63.128699	0.001996	-0.000005
50.950000	-63.139710	0.001991	-0.000005
50.975000	-63.150713	0.001986	-0.000005
51.000000	-63.161709	0.001981	-0.000005
51.025000	-63.172697	0.001976	-0.000005
51.050000	-63.183677	0.001972	-0.000005
51.075000	-63.194649	0.001967	-0.000005
51.100000	-63.205614	0.001962	-0.000005
51.125000	-63.216572	0.001957	-0.000005
51.150000	-63.227521	0.001952	-0.000005
51.175000	-63.238463	0.001947	-0.000005
51.200000	-63.249397	0.001943	-0.000005
51.225000	-63.260324	0.001938	-0.000005
51.250000	-63.271243	0.001933	-0.000005
51.275000	-63.282154	0.001928	-0.000005
51.300000	-63.293057	0.001924	-0.000005
51.325000	-63.303952	0.001919	-0.000005
51.350000	-63.314840	0.001914	-0.000005
51.375000	-63.325720	0.001909	-0.000005
51.400000	-63.336592	0.001905	-0.000005
51.425000	-63.347457	0.001900	-0.000004
51.450000	-63.358314	0.001895	-0.000004
51.475000	-63.369162	0.001891	-0.000004
51.500000	-63.380003	0.001886	-0.000004
51.525000	-63.390837	0.001881	-0.000004
51.550000	-63.401662	0.001877	-0.000004
51.575000	-63.412480	0.001872	-0.000004
51.600000	-63.423290	0.001868	-0.000004
51.625000	-63.434092	0.001863	-0.000004
51.650000	-63.444886	0.001858	-0.000004
51.675000	-63.455672	0.001854	-0.000004
51.700000	-63.466450	0.001849	-0.000004
51.725000	-63.477221	0.001845	-0.000004
51.750000	-63.487983	0.001840	-0.000004
51.775000	-63.498738	0.001836	-0.000004
51.800000	-63.509485	0.001831	-0.000004
51.825000	-63.520224	0.001827	-0.000004
51.850000	-63.530955	0.001822	-0.000004
51.875000	-63.541678	0.001818	-0.000004
51.900000	-63.552393	0.001813	-0.000004
51.925000	-63.563101	0.001809	-0.000004
51.950000	-63.573800	0.001804	-0.000004
51.975000	-63.584491	0.001800	-0.000004
52.000000	-63.595175	0.001795	-0.000004
52.025000	-63.605850	0.001791	-0.000004
52.050000	-63.616518	0.001787	-0.000004
52.075000	-63.627177	0.001782	-0.000004
52.100000	-63.637829	0.001778	-0.000004
52.125000	-63.648472	0.001773	-0.000004
52.150000	-63.659108	0.001769	-0.000004
52.175000	-63.669735	0.001765	-0.000004
52.200000	-63.680355	0.001760	-0.000004
52.225000	-63.690966	0.001756	-0.000004
52.250000	-63.701570	0.001752	-0.000004
