3.575000	504
6.500000	505
10.150000	500
10.675000	501
12.450000	3
12.450000	4
12.450000	5
12.450000	14
12.450000	15
12.450000	28
12.450000	33
12.450000	35
12.450000	42
12.450000	47
12.450000	48
12.450000	49
12.450000	55
12.450000	67
12.450000	72
12.450000	74
12.450000	86
12.450000	87
12.450000	95
12.475000	54
12.475000	56
12.475000	63
12.475000	64
12.475000	78
12.475000	90
12.475000	100
12.500000	2
12.500000	6
12.500000	8
12.500000	12
12.500000	16
12.500000	17
12.500000	18
12.500000	21
12.500000	25
12.500000	26
12.500000	27
12.500000	29
12.500000	30
12.500000	31
12.500000	32
12.500000	34
12.500000	36
12.500000	37
12.500000	38
12.500000	39
12.500000	40
12.500000	41
12.500000	43
12.500000	44
12.500000	45
12.500000	46
12.500000	50
12.500000	51
12.500000	52
12.500000	53
12.500000	59
12.500000	66
12.500000	81
12.500000	82
12.500000	84
12.500000	91
12.500000	99
12.525000	57
12.525000	58
12.525000	60
12.525000	61
12.525000	62
12.525000	65
12.525000	68
12.525000	69
12.525000	70
12.525000	71
12.525000	73
12.525000	75
12.525000	76
12.525000	77
12.525000	79
12.525000	80
12.525000	83
12.525000	85
12.525000	88
12.525000	89
12.525000	92
12.525000	93
12.525000	94
12.525000	96
12.525000	97
12.525000	98
12.550000	0
12.550000	1
12.550000	7
12.550000	9
12.550000	10
12.550000	11
12.550000	13
12.550000	19
12.550000	20
12.550000	22
12.550000	23
12.550000	24
13.825000	502
13.925000	505
13.950000	500
14.025000	501
14.950000	521
14.975000	523
15.025000	522
15.050000	526
15.100000	525
16.175000	492
16.300000	101
16.775000	113
17.175000	114
17.275000	495
17.300000	103
17.575000	109
17.925000	47
17.925000	105
18.150000	28
18.400000	50
18.400000	493
18.500000	64
18.650000	499
18.675000	46
18.700000	104
18.700000	123
18.725000	110
18.775000	33
18.775000	39
18.925000	43
18.925000	45
18.950000	41
18.950000	494
18.975000	48
18.975000	482
18.975000	483
18.975000	488
19.025000	106
19.125000	62
19.150000	71
19.200000	32
19.200000	44
19.250000	10
19.250000	37
19.300000	35
19.325000	42
19.350000	59
19.350000	94
19.450000	13
19.475000	54
19.525000	23
19.525000	38
19.575000	16
19.575000	52
19.625000	36
19.625000	87
19.650000	72
19.675000	49
19.750000	75
19.750000	115
19.800000	24
19.825000	20
19.825000	96
19.875000	25
19.875000	58
19.875000	66
19.875000	121
19.900000	27
19.925000	21
19.925000	26
19.925000	69
19.975000	19
19.975000	77
19.975000	120
20.000000	92
20.050000	40
20.050000	61
20.125000	500
20.125000	501
20.150000	57
20.175000	15
20.175000	65
20.175000	74
20.175000	83
20.175000	88
20.225000	5
20.225000	498
20.250000	60
20.275000	76
20.275000	100
20.350000	84
20.425000	91
20.425000	464
20.425000	470
20.450000	51
20.475000	487
20.550000	484
20.600000	116
20.625000	55
20.650000	79
20.675000	18
20.675000	56
20.700000	80
20.700000	98
20.750000	9
20.750000	31
20.850000	63
20.850000	90
20.850000	133
20.875000	3
20.875000	4
20.875000	478
20.900000	82
20.925000	8
20.925000	505
21.000000	11
21.075000	497
21.100000	30
21.100000	476
21.175000	67
21.225000	2
21.250000	108
21.325000	99
21.350000	85
21.350000	466
21.375000	97
21.400000	29
21.425000	95
21.575000	81
21.650000	12
21.700000	34
21.725000	86
21.750000	68
21.825000	469
21.825000	502
21.950000	78
22.100000	0
22.125000	526
22.175000	521
22.225000	14
22.275000	22
22.275000	119
22.300000	504
22.325000	17
22.375000	1
22.400000	523
22.450000	522
22.575000	525
22.625000	70
22.625000	93
22.650000	7
22.700000	73
22.900000	486
22.975000	107
23.075000	89
23.125000	122
23.175000	137
23.200000	491
23.225000	139
23.250000	101
23.375000	111
23.375000	458
23.450000	492
23.475000	467
23.500000	524
23.575000	6
23.600000	53
23.625000	472
23.675000	47
23.675000	474
23.725000	500
23.750000	125
23.775000	480
23.825000	128
23.850000	28
23.900000	495
23.950000	468
24.025000	124
24.225000	460
24.350000	475
24.425000	140
24.450000	50
24.475000	64
24.500000	113
24.575000	465
24.625000	114
24.700000	46
24.775000	103
24.875000	473
24.900000	33
25.000000	501
25.025000	496
25.075000	490
25.100000	109
25.200000	39
25.275000	45
25.300000	138
25.400000	43
25.425000	489
25.425000	525
25.450000	105
25.475000	48
25.500000	123
25.525000	129
25.575000	62
25.600000	41
25.675000	471
25.725000	102
25.725000	457
25.800000	94
25.800000	479
25.825000	10
25.825000	117
25.900000	32
25.925000	59
25.925000	71
26.000000	37
26.000000	44
26.175000	481
26.225000	35
26.350000	126
26.350000	449
26.425000	104
26.425000	144
26.475000	42
26.475000	87
26.475000	141
26.475000	505
26.475000	524
26.500000	13
26.550000	54
26.575000	461
26.625000	455
26.650000	23
26.700000	131
26.750000	149
26.825000	21
26.850000	16
26.875000	130
26.950000	38
26.950000	96
27.050000	72
27.050000	483
27.075000	52
27.100000	112
27.150000	75
27.175000	488
27.325000	5
27.375000	498
27.450000	20
27.450000	26
27.450000	493
27.475000	19
27.525000	25
27.525000	36
27.525000	83
27.525000	500
27.550000	40
27.575000	49
27.575000	499
27.650000	110
27.650000	115
27.650000	452
27.675000	66
27.675000	76
27.700000	58
27.700000	77
27.800000	106
27.875000	69
27.875000	88
27.875000	477
27.875000	487
27.900000	24
27.900000	121
27.925000	27
28.000000	132
28.025000	15
28.025000	135
28.075000	4
28.075000	61
28.125000	91
28.150000	504
28.200000	9
28.250000	74
28.350000	160
28.375000	57
28.375000	482
28.425000	3
28.425000	60
28.450000	502
28.500000	65
28.500000	459
28.575000	438
28.600000	470
28.625000	118
28.675000	18
28.750000	463
28.775000	100
28.800000	84
28.800000	501
28.850000	484
28.850000	494
28.950000	79
29.000000	92
29.050000	127
29.100000	11
29.150000	98
29.150000	165
29.200000	8
29.225000	448
29.325000	464
29.350000	80
29.350000	99
29.350000	108
29.350000	133
29.400000	56
29.400000	469
29.425000	82
29.425000	97
29.450000	51
29.500000	120
29.525000	453
29.550000	148
29.600000	485
29.750000	47
29.800000	31
29.800000	142
29.825000	116
29.850000	28
29.875000	63
29.900000	85
29.900000	478
29.975000	119
30.000000	55
30.000000	90
30.050000	450
30.100000	95
30.100000	101
30.200000	67
30.225000	505
30.275000	492
30.350000	476
30.375000	466
30.400000	29
30.450000	495
30.500000	86
30.525000	81
30.550000	50
30.600000	497
30.675000	2
30.750000	433
30.825000	447
31.025000	458
31.050000	486
31.075000	46
31.075000	64
31.075000	107
31.125000	158
31.150000	68
31.150000	500
31.225000	17
31.250000	125
31.250000	491
31.275000	30
31.375000	12
31.400000	1
31.450000	33
31.450000	454
31.525000	445
31.650000	440
31.675000	150
31.700000	111
31.775000	480
31.900000	48
31.900000	139
31.975000	137
32.025000	164
32.050000	39
32.075000	34
32.075000	467
32.125000	6
32.125000	45
32.150000	122
32.200000	123
32.200000	128
32.225000	109
32.225000	472
32.250000	474
32.275000	78
32.275000	134
32.300000	103
32.325000	473
32.350000	94
32.375000	89
32.375000	159
32.400000	0
32.475000	43
32.475000	439
32.475000	442
32.500000	41
32.575000	62
32.575000	124
32.600000	59
32.650000	93
32.675000	154
32.700000	114
32.825000	7
32.825000	468
32.825000	475
32.850000	105
32.875000	113
32.925000	460
32.950000	10
33.025000	167
33.025000	426
33.050000	501
33.075000	444
33.125000	504
33.200000	87
33.225000	32
33.225000	432
33.300000	490
33.325000	70
33.325000	496
33.375000	471
33.400000	22
33.450000	37
33.500000	73
33.525000	35
33.575000	44
33.600000	14
33.700000	71
33.700000	489
33.750000	42
33.750000	151
33.775000	173
33.825000	481
33.850000	457
33.950000	451
33.975000	505
34.000000	21
34.050000	23
34.050000	502
34.075000	96
34.150000	5
34.150000	129
34.150000	449
34.150000	498
34.275000	16
34.275000	152
34.325000	138
34.350000	483
34.400000	13
34.400000	104
34.400000	441
34.450000	54
34.475000	140
34.500000	38
34.600000	75
34.700000	83
34.700000	487
34.725000	19
34.725000	143
34.725000	162
34.725000	500
34.750000	115
34.825000	144
34.825000	461
34.875000	52
34.925000	72
34.950000	141
34.950000	145
35.000000	76
35.000000	455
35.025000	117
35.100000	4
35.100000	88
35.200000	465
35.300000	91
35.325000	488
35.350000	20
35.350000	40
35.350000	121
35.350000	479
35.375000	131
35.400000	49
35.450000	9
35.450000	77
35.500000	3
35.550000	25
35.575000	15
35.575000	26
35.600000	47
35.650000	153
35.675000	132
35.750000	135
35.750000	146
35.775000	452
35.875000	36
35.875000	470
35.975000	155
36.025000	416
36.050000	69
36.075000	168
36.100000	149
36.100000	424
36.100000	484
36.125000	24
36.125000	27
36.125000	58
36.200000	61
36.225000	74
36.250000	106
36.275000	28
36.275000	66
36.275000	102
36.300000	126
36.375000	147
36.575000	50
36.725000	492
36.800000	469
36.800000	477
36.800000	501
36.850000	110
36.850000	130
36.900000	430
36.925000	163
36.950000	84
36.975000	18
36.975000	60
37.050000	11
37.050000	57
37.075000	112
37.075000	456
37.075000	499
37.125000	459
37.150000	464
37.200000	108
37.275000	493
37.350000	160
37.375000	46
37.375000	98
37.375000	119
37.375000	172
37.400000	65
37.400000	97
37.425000	165
37.425000	166
37.450000	100
37.450000	482
37.500000	99
37.500000	101
37.500000	186
37.500000	495
37.525000	157
37.600000	170
37.625000	127
37.625000	438
37.700000	125
37.700000	453
37.700000	458
37.725000	79
37.750000	178
37.775000	8
37.775000	412
37.825000	64
37.825000	133
37.825000	463
37.850000	505
37.875000	118
37.975000	116
38.025000	80
38.025000	448
38.025000	478
38.025000	508
38.075000	500
38.200000	148
38.250000	33
38.250000	443
38.275000	92
38.275000	120
38.300000	175
38.350000	85
38.425000	82
38.450000	462
38.450000	466
38.475000	480
38.475000	503
38.575000	486
38.625000	476
38.675000	109
38.750000	39
38.775000	56
38.775000	504
38.825000	51
38.825000	95
38.825000	485
38.850000	48
38.875000	502
38.925000	158
38.950000	142
38.950000	174
38.950000	437
38.975000	107
39.050000	467
39.100000	473
39.125000	434
39.250000	41
39.300000	63
39.325000	55
39.325000	94
39.375000	494
39.400000	81
39.400000	445
39.400000	491
39.450000	45
39.450000	90
39.475000	150
39.475000	179
39.500000	123
39.650000	86
39.675000	2
39.675000	164
39.675000	191
39.700000	31
39.750000	29
39.750000	497
39.825000	111
39.850000	67
39.850000	414
39.900000	43
39.900000	411
39.925000	59
39.925000	87
39.950000	5
40.000000	139
40.025000	156
40.075000	474
40.100000	53
40.125000	10
40.125000	433
40.175000	1
40.200000	137
40.250000	105
40.250000	187
40.275000	415
40.300000	501
40.375000	68
40.400000	62
40.400000	128
40.475000	472
40.525000	124
40.550000	136
40.575000	17
40.575000	114
40.575000	425
40.625000	431
40.650000	134
40.725000	122
40.725000	423
40.850000	446
40.875000	103
40.900000	32
40.975000	471
41.000000	159
41.050000	460
41.075000	447
41.100000	35
41.100000	496
41.150000	6
41.150000	487
41.175000	442
41.200000	113
41.200000	483
41.250000	96
41.300000	481
41.325000	115
41.325000	468
41.375000	37
41.375000	184
41.425000	421
41.425000	444
41.425000	500
41.450000	505
41.475000	413
41.475000	490
41.550000	169
41.625000	12
41.625000	457
41.675000	151
41.700000	16
41.700000	475
41.725000	42
41.725000	183
41.750000	3
41.750000	89
41.775000	167
41.775000	408
41.825000	23
41.825000	129
41.875000	47
41.900000	138
41.925000	78
41.950000	498
41.975000	426
42.000000	449
42.025000	121
42.050000	4
42.075000	21
42.075000	489
42.150000	91
42.150000	454
42.175000	44
42.175000	88
42.175000	143
42.200000	30
42.200000	75
42.200000	83
42.250000	135
42.300000	71
42.300000	195
42.350000	404
42.375000	19
42.375000	28
42.375000	93
42.375000	432
42.375000	436
42.425000	435
42.450000	484
42.500000	161
42.550000	13
42.550000	470
42.550000	492
42.575000	440
42.600000	9
42.650000	461
42.750000	76
42.750000	152
42.775000	455
42.800000	141
42.850000	104
42.875000	206
42.900000	38
43.000000	419
43.025000	132
43.025000	451
43.100000	144
43.100000	173
43.100000	502
43.150000	77
43.175000	40
43.200000	54
43.300000	72
43.325000	131
43.400000	162
43.425000	49
43.425000	50
43.425000	52
43.425000	504
43.450000	405
43.475000	140
43.550000	15
43.550000	452
43.600000	400
43.650000	117
43.675000	196
43.725000	154
43.775000	181
43.800000	26
43.825000	0
43.825000	441
43.900000	125
43.925000	20
43.925000	427
43.950000	409
43.950000	501
44.025000	7
44.050000	458
44.075000	25
44.075000	469
44.100000	506
44.125000	439
44.150000	488
44.175000	106
44.175000	176
44.200000	64
44.200000	193
44.225000	46
44.225000	192
44.350000	450
44.450000	74
44.450000	155
44.475000	34
44.475000	459
44.500000	200
44.500000	500
44.550000	149
44.575000	464
44.600000	27
44.625000	101
44.650000	407
44.700000	417
44.700000	480
44.750000	133
44.750000	165
44.750000	418
44.775000	109
44.800000	33
44.825000	61
44.850000	505
44.875000	108
44.900000	14
44.925000	11
44.925000	58
44.925000	69
45.000000	73
45.000000	119
45.000000	495
45.050000	36
45.050000	126
45.050000	160
45.075000	145
45.125000	24
45.125000	463
45.150000	84
45.200000	453
45.250000	473
45.275000	127
45.300000	420
45.325000	70
45.350000	130
45.350000	397
45.350000	467
45.350000	503
45.425000	153
45.450000	97
45.450000	429
45.475000	22
45.500000	98
45.500000	110
45.500000	168
45.525000	18
45.550000	477
45.575000	39
45.575000	148
45.625000	465
45.700000	66
45.700000	170
45.800000	448
45.825000	197
45.825000	478
45.825000	479
45.850000	60
45.875000	166
45.950000	5
45.975000	123
46.025000	402
46.025000	424
46.075000	57
46.125000	157
46.175000	401
46.175000	486
46.200000	102
46.200000	416
46.275000	456
46.375000	178
46.375000	185
46.375000	482
46.450000	87
46.450000	158
46.525000	466
46.550000	210
46.550000	499
46.575000	120
46.600000	116
46.625000	172
46.650000	8
46.650000	99
46.650000	438
46.725000	150
46.825000	94
46.875000	493
46.900000	48
46.925000	85
46.975000	41
47.025000	79
47.075000	80
47.075000	430
47.075000	501
47.100000	412
47.125000	139
47.150000	10
47.225000	107
47.275000	142
47.275000	147
47.325000	65
47.325000	164
47.325000	209
47.375000	45
47.375000	445
47.400000	182
47.425000	202
47.475000	47
47.475000	502
47.525000	179
47.550000	100
47.550000	175
47.550000	180
47.550000	491
47.575000	500
47.625000	487
47.675000	95
47.700000	437
47.700000	474
47.800000	201
47.825000	43
47.825000	59
47.825000	471
47.850000	476
47.925000	211
47.925000	443
47.950000	3
47.950000	389
47.975000	105
47.975000	446
48.050000	111
48.075000	112
48.125000	82
48.125000	92
48.125000	485
48.150000	396
48.175000	174
48.200000	411
48.225000	483
48.275000	118
48.275000	137
48.300000	35
48.300000	115
48.300000	492
48.325000	399
48.325000	425
48.325000	504
48.375000	159
48.425000	146
48.450000	460
48.475000	205
48.500000	32
48.500000	186
48.525000	163
48.525000	496
48.575000	96
48.650000	505
48.675000	457
48.700000	4
48.725000	481
48.750000	124
48.750000	392
48.750000	433
48.775000	128
48.775000	468
48.775000	470
48.775000	472
48.800000	122
48.825000	63
48.850000	135
48.850000	414
48.875000	2
48.875000	444
48.900000	121
48.925000	62
48.975000	55
49.000000	16
49.025000	56
49.025000	134
49.075000	28
49.075000	51
49.075000	390
49.075000	393
49.075000	449
49.100000	143
49.125000	86
49.125000	434
49.150000	191
49.175000	177
49.225000	484
49.250000	151
49.275000	403
49.300000	114
49.325000	195
49.325000	497
49.350000	37
49.350000	90
49.375000	91
49.375000	423
49.400000	406
49.400000	442
49.425000	156
49.450000	138
49.575000	426
49.600000	184
49.625000	67
49.625000	454
49.650000	398
49.675000	68
49.675000	88
49.725000	395
49.750000	1
49.750000	29
49.775000	369
49.800000	214
49.800000	415
49.800000	455
49.825000	23
49.825000	129
49.825000	199
49.850000	9
49.925000	431
49.975000	31
49.975000	167
50.125000	469
50.150000	81
50.150000	422
50.150000	461
50.200000	394
50.225000	490
50.250000	83
50.250000	222
50.300000	432
50.325000	187
50.350000	13
50.375000	103
50.400000	113
50.425000	447
50.450000	17
50.475000	475
50.500000	404
50.525000	376
50.550000	42
50.625000	75
50.625000	451
50.625000	501
50.650000	21
50.675000	125
50.675000	144
50.675000	498
50.725000	6
50.725000	64
50.775000	189
50.875000	132
50.875000	136
50.875000	141
50.875000	152
50.875000	500
50.900000	458
50.900000	494
50.925000	502
50.950000	489
51.050000	503
51.125000	76
51.175000	19
51.250000	405
51.275000	452
51.275000	464
51.300000	162
51.325000	44
51.325000	131
51.375000	40
51.375000	50
51.375000	71
51.425000	183
51.425000	381
51.425000	480
51.450000	220
51.475000	161
51.475000	223
51.475000	413
51.525000	77
51.550000	101
51.550000	203
51.675000	505
51.750000	133
51.750000	225
51.775000	408
51.800000	165
51.850000	46
51.850000	441
51.900000	207
51.925000	26
51.925000	382
52.000000	89
52.000000	218
52.000000	375
52.025000	54
52.025000	155
52.050000	123
52.050000	204
52.075000	104
52.075000	459
52.100000	109
52.100000	117
52.175000	33
52.225000	38
52.225000	154
52.225000	440
52.250000	106
52.275000	49
52.275000	435
52.300000	232
52.325000	473
52.350000	140
52.350000	467
52.375000	12
52.375000	15
52.375000	400
52.375000	439
52.400000	419
52.400000	463
52.450000	504
52.550000	173
52.550000	421
52.600000	72
52.625000	108
52.625000	192
52.625000	360
52.625000	378
52.625000	488
52.650000	190
52.700000	149
52.750000	148
52.750000	160
52.750000	215
52.800000	20
52.800000	181
52.825000	5
52.825000	25
52.825000	119
52.825000	495
52.875000	407
52.900000	368
52.925000	52
52.975000	453
53.025000	87
53.050000	170
53.125000	380
53.125000	397
53.175000	78
53.175000	158
53.200000	74
53.200000	235
53.250000	127
53.250000	227
53.325000	418
53.400000	130
53.475000	93
53.475000	153
53.475000	448
53.475000	478
53.500000	27
53.500000	364
53.525000	213
53.550000	427
53.625000	166
53.625000	417
53.650000	384
53.700000	11
53.700000	84
53.700000	401
53.700000	409
53.750000	97
53.750000	198
53.775000	47
53.825000	217
53.850000	39
53.875000	94
53.875000	172
53.925000	501
54.000000	126
54.000000	462
54.050000	61
54.075000	193
54.100000	436
54.125000	477
54.150000	58
54.175000	150
54.200000	500
54.225000	208
54.250000	98
54.300000	164
54.325000	200
54.325000	471
54.350000	385
54.375000	10
54.375000	352
54.375000	486
54.400000	386
54.425000	492
54.450000	169
54.450000	188
54.450000	371
54.450000	487
54.500000	18
54.500000	110
54.575000	0
54.575000	176
54.600000	24
54.650000	356
54.650000	445
54.700000	179
54.700000	216
54.725000	139
54.725000	157
54.725000	210
54.750000	116
54.775000	502
54.800000	383
54.825000	450
54.850000	3
54.925000	120
54.925000	168
54.925000	429
54.950000	178
54.950000	505
55.050000	36
55.075000	425
55.100000	60
55.125000	41
55.125000	206
55.125000	420
55.150000	466
55.175000	69
55.200000	212
55.225000	446
55.250000	456
55.275000	115
55.300000	142
55.300000	387
55.300000	402
55.350000	145
55.375000	438
55.375000	482
55.400000	85
55.400000	374
55.400000	430
55.425000	449
55.425000	460
55.450000	4
55.450000	416
55.475000	143
55.500000	96
55.500000	465
55.500000	474
55.500000	503
55.550000	238
55.575000	479
55.575000	483
55.600000	57
55.650000	470
55.675000	45
55.700000	411
55.725000	159
55.725000	182
55.775000	135
55.800000	107
55.825000	437
55.875000	372
55.925000	99
55.950000	35
56.000000	455
56.025000	30
56.075000	175
56.100000	496
56.125000	66
56.200000	48
56.200000	457
56.250000	111
56.250000	424
56.300000	121
56.325000	444
56.350000	202
56.375000	151
56.375000	412
56.425000	362
56.425000	491
56.450000	59
56.475000	28
56.475000	105
56.475000	228
56.525000	185
56.525000	231
56.525000	504
56.550000	8
56.550000	122
56.550000	137
56.575000	196
56.575000	484
56.600000	197
56.600000	481
56.625000	138
56.700000	43
56.800000	7
56.800000	32
56.800000	80
56.800000	95
56.800000	388
56.825000	147
56.825000	499
56.850000	102
56.850000	195
56.850000	468
56.900000	390
56.925000	443
56.950000	167
57.000000	501
57.025000	454
57.050000	14
57.050000	174
57.075000	125
57.125000	186
57.150000	16
57.150000	406
57.175000	361
57.200000	79
57.225000	469
57.275000	171
57.300000	358
57.325000	37
57.325000	367
57.325000	500
57.350000	426
57.400000	34
57.400000	91
57.400000	493
57.425000	88
57.475000	128
57.475000	180
57.500000	423
57.550000	476
57.575000	431
57.625000	414
57.650000	211
57.650000	428
57.650000	432
57.650000	433
57.675000	124
57.675000	395
57.675000	461
57.700000	134
57.700000	365
57.775000	129
57.825000	62
57.825000	370
57.850000	191
57.850000	214
57.850000	415
57.925000	92
57.950000	464
57.975000	184
57.975000	472
58.025000	458
58.025000	505
58.050000	65
58.050000	114
58.050000	442
58.075000	9
58.075000	100
58.075000	163
58.075000	354
58.125000	239
58.175000	73
58.200000	187
58.200000	396
58.250000	144
58.250000	451
58.300000	177
58.375000	2
58.375000	23
58.400000	123
58.450000	64
58.450000	82
58.450000	405
58.475000	391
58.475000	480
58.500000	392
58.550000	242
58.550000	249
58.550000	366
58.575000	165
58.575000	502
58.600000	156
58.600000	485
58.650000	234
58.650000	353
58.675000	201
58.700000	133
58.700000	369
58.750000	393
58.775000	209
58.800000	152
58.800000	389
58.825000	118
58.825000	404
58.950000	199
58.950000	377
59.025000	101
59.050000	86
59.050000	403
59.050000	475
59.075000	83
59.075000	205
59.075000	359
59.075000	373
59.125000	452
59.150000	162
59.150000	434
59.175000	21
59.175000	63
59.225000	158
59.225000	345
59.250000	75
59.325000	447
59.375000	132
59.400000	55
59.450000	467
59.500000	13
59.550000	422
59.600000	489
59.625000	229
59.650000	5
59.650000	203
59.700000	399
59.725000	170
59.725000	264
59.725000	490
59.750000	155
59.775000	46
59.775000	222
59.825000	394
59.850000	498
59.875000	463
59.900000	146
59.925000	204
59.975000	501
60.100000	19
60.100000	192
60.100000	503
60.125000	6
60.125000	376
60.150000	1
60.150000	67
60.150000	113
60.150000	220
60.150000	459
60.200000	441
60.200000	473
60.225000	131
60.225000	375
60.250000	148
60.275000	103
60.275000	382
60.325000	70
60.350000	225
60.350000	350
60.350000	504
60.375000	68
60.375000	160
60.375000	400
60.400000	29
60.400000	50
60.425000	76
60.425000	379
60.425000	408
60.450000	172
60.450000	230
60.475000	141
60.500000	497
60.550000	136
60.550000	154
60.550000	161
60.575000	56
60.575000	77
60.600000	360
60.650000	90
60.650000	397
60.675000	410
60.700000	47
60.700000	109
60.725000	166
60.725000	413
60.800000	40
60.825000	81
60.825000	153
60.850000	439
60.850000	500
60.875000	173
60.900000	87
60.900000	108
60.900000	112
60.925000	33
60.950000	117
60.950000	368
60.950000	401
60.975000	223
61.000000	363
61.000000	448
61.025000	164
61.025000	407
61.050000	418
61.100000	237
61.175000	488
61.200000	425
61.225000	495
61.250000	492
61.275000	251
61.275000	453
61.300000	42
61.300000	207
61.325000	106
61.325000	510
61.350000	119
61.350000	218
61.350000	381
61.425000	17
61.475000	233
61.525000	15
61.525000	71
61.550000	334
61.575000	409
61.575000	487
61.625000	149
61.650000	210
61.675000	150
61.700000	232
61.725000	94
61.750000	26
61.750000	51
61.750000	378
61.750000	421
61.775000	38
61.775000	54
61.775000	127
61.775000	140
61.775000	355
61.800000	221
61.825000	3
61.850000	183
61.875000	445
61.925000	179
61.975000	189
61.975000	236
62.000000	31
62.000000	252
62.000000	349
62.000000	398
62.000000	478
62.025000	471
62.075000	22
62.150000	44
62.150000	193
62.175000	248
62.200000	25
62.200000	235
62.200000	460
62.225000	104
62.225000	346
62.250000	130
62.250000	227
62.250000	250
62.250000	435
62.300000	470
62.350000	10
62.350000	380
62.350000	455
62.375000	219
62.375000	344
62.425000	502
62.475000	20
62.475000	181
62.475000	194
62.475000	332
62.475000	384
62.525000	135
62.525000	213
62.600000	449
62.625000	139
62.700000	72
62.725000	178
62.750000	200
62.775000	115
62.775000	501
62.850000	440
62.875000	97
62.875000	143
62.875000	427
62.925000	49
62.925000	159
62.925000	356
62.950000	419
62.950000	446
62.975000	39
63.075000	116
63.075000	151
63.075000	266
63.075000	371
63.075000	430
63.100000	4
63.125000	74
63.125000	417
63.150000	125
63.150000	337
63.150000	486
63.200000	411
63.300000	198
63.325000	126
63.325000	138
63.325000	157
63.350000	364
63.375000	27
63.375000	84
63.375000	357
63.425000	351
63.425000	484
63.475000	96
63.475000	212
63.500000	89
63.500000	259
63.525000	167
63.550000	429
63.575000	28
63.575000	142
63.575000	374
63.625000	474
63.675000	372
63.700000	182
63.700000	437
63.775000	61
63.775000	518
63.850000	216
63.875000	120
63.875000	387
63.875000	503
63.900000	226
63.925000	215
63.925000	444
63.975000	256
63.975000	383
64.025000	477
64.025000	504
64.050000	188
64.050000	483
64.075000	110
64.075000	420
64.075000	432
64.075000	500
64.100000	98
64.100000	385
64.125000	406
64.150000	438
64.200000	41
64.200000	352
64.250000	457
64.275000	121
64.300000	52
64.300000	496
64.350000	58
64.375000	24
64.375000	122
64.400000	168
64.400000	466
64.425000	260
64.450000	35
64.550000	11
64.550000	12
64.550000	123
64.550000	195
64.575000	175
64.600000	18
64.700000	208
64.725000	217
64.750000	328
64.750000	386
64.750000	426
64.775000	206
64.800000	390
64.825000	111
64.825000	253
64.825000	402
64.850000	202
64.875000	85
64.875000	482
64.900000	431
64.900000	481
64.950000	107
64.975000	340
64.975000	358
65.000000	454
65.025000	412
65.025000	416
65.050000	395
65.050000	464
65.075000	342
65.075000	423
65.075000	469
65.075000	494
65.100000	137
65.125000	60
65.125000	458
65.175000	57
65.200000	45
65.200000	211
65.200000	331
65.225000	145
65.300000	362
65.400000	144
65.400000	246
65.400000	456
65.425000	254
65.450000	335
65.450000	465
65.500000	91
65.525000	32
65.600000	186
65.625000	16
65.625000	36
65.625000	37
65.625000	367
65.650000	59
65.650000	190
65.650000	245
65.650000	461
65.650000	491
65.675000	272
65.700000	174
65.700000	187
65.700000	370
65.775000	405
65.800000	165
65.800000	415
65.825000	228
65.850000	347
65.875000	105
65.950000	88
65.950000	191
66.000000	43
66.000000	99
66.000000	129
66.000000	479
66.025000	158
66.025000	450
66.050000	480
66.075000	93
66.075000	176
66.075000	185
66.075000	468
66.075000	502
66.100000	451
66.150000	196
66.175000	133
66.200000	414
66.300000	320
66.350000	170
66.375000	443
66.425000	197
66.450000	69
66.525000	8
66.550000	95
66.550000	101
66.550000	184
66.550000	442
66.600000	78
66.600000	169
66.625000	0
66.625000	318
66.725000	214
66.725000	404
66.750000	375
66.775000	354
66.800000	268
66.825000	162
66.825000	467
66.875000	9
66.875000	180
66.875000	377
66.900000	124
66.925000	48
66.950000	114
66.950000	231
66.950000	238
66.950000	436
67.000000	152
67.000000	243
67.025000	128
67.100000	62
67.100000	204
67.100000	388
67.125000	5
67.150000	172
67.150000	452
67.175000	64
67.175000	353
67.200000	261
67.200000	472
67.225000	500
67.250000	23
67.275000	134
67.275000	424
67.300000	192
67.300000	433
67.325000	92
67.325000	389
67.325000	393
67.350000	46
67.350000	242
67.375000	203
67.375000	504
67.425000	163
67.500000	79
67.500000	209
67.525000	382
67.575000	391
67.575000	397
67.600000	369
67.625000	156
67.625000	166
67.625000	396
67.675000	264
67.700000	499
67.725000	199
67.725000	262
67.725000	394
67.750000	132
67.750000	476
67.775000	240
67.775000	321
67.775000	425
67.800000	401
67.825000	47
67.825000	66
67.875000	366
67.875000	503
67.900000	492
67.925000	147
67.925000	345
67.925000	365
67.975000	177
67.975000	281
68.000000	21
68.000000	160
68.000000	171
68.025000	288
68.025000	400
68.025000	475
68.100000	80
68.100000	225
68.125000	205
68.175000	463
68.225000	322
68.250000	164
68.300000	2
68.300000	360
68.325000	239
68.325000	392
68.375000	148
68.375000	155
68.375000	434
68.400000	75
68.400000	343
68.400000	447
68.450000	210
68.450000	326
68.450000	473
68.475000	249
68.500000	327
68.525000	368
68.525000	489
68.575000	234
68.600000	53
68.625000	86
68.625000	399
68.625000	418
68.650000	100
68.650000	244
68.675000	82
68.675000	403
68.700000	65
68.700000	359
68.725000	83
68.750000	150
68.775000	19
68.800000	265
68.800000	376
68.825000	317
68.850000	336
68.875000	448
68.875000	487
68.900000	153
68.925000	220
68.950000	3
68.950000	330
68.975000	277
68.975000	498
69.000000	441
69.000000	470
69.025000	361
69.075000	154
69.075000	273
69.125000	102
69.150000	350
69.175000	222
69.175000	409
69.175000	422
69.200000	173
69.225000	87
69.225000	373
69.225000	455
69.250000	223
69.250000	407
69.275000	410
69.325000	50
69.325000	408
69.350000	439
69.350000	453
69.350000	459
69.375000	201
69.400000	378
69.400000	502
69.475000	109
69.475000	445
69.550000	13
69.600000	125
69.600000	270
69.600000	485
69.650000	161
69.700000	159
69.700000	289
69.750000	135
69.750000	355
69.775000	151
69.775000	341
69.800000	131
69.800000	381
69.825000	108
69.850000	179
69.850000	413
69.875000	77
69.875000	488
69.900000	346
69.925000	230
69.925000	235
69.925000	460
69.950000	113
69.950000	471
70.000000	6
70.000000	141
70.025000	490
70.075000	275
70.100000	227
70.175000	139
70.200000	430
70.225000	449
70.250000	33
70.250000	118
70.300000	1
70.300000	117
70.350000	119
70.350000	138
70.350000	218
70.350000	493
70.375000	504
70.425000	76
70.425000	94
70.425000	312
70.475000	167
70.475000	178
70.475000	484
70.525000	4
70.525000	213
70.525000	495
70.550000	348
70.550000	384
70.550000	406
70.575000	103
70.575000	136
70.575000	207
70.575000	241
70.575000	251
70.600000	55
70.600000	149
70.600000	200
70.625000	10
70.625000	229
70.625000	287
70.625000	310
70.675000	30
70.675000	193
70.675000	478
70.675000	500
70.725000	67
70.725000	284
70.775000	432
70.800000	7
70.800000	232
70.825000	212
70.850000	28
70.850000	279
70.850000	344
70.875000	15
70.950000	380
70.975000	40
71.000000	308
71.050000	356
71.075000	143
71.100000	357
71.125000	106
71.125000	374
71.150000	303
71.275000	233
71.275000	282
71.275000	446
71.300000	14
71.325000	371
71.325000	372
71.350000	127
71.350000	437
71.375000	25
71.400000	411
71.425000	302
71.425000	339
71.425000	387
71.425000	519
71.450000	115
71.500000	250
71.525000	146
71.525000	237
71.525000	364
71.550000	334
71.575000	123
71.575000	267
71.600000	256
71.600000	444
71.650000	255
71.675000	503
71.700000	157
71.700000	216
71.700000	421
71.725000	300
71.725000	332
71.750000	20
71.750000	431
71.775000	140
71.775000	189
71.800000	38
71.800000	116
71.800000	195
71.800000	464
71.825000	26
71.825000	182
71.825000	316
71.875000	286
71.925000	427
71.975000	236
71.975000	429
72.000000	486
72.025000	39
72.025000	266
72.025000	358
72.050000	278
72.050000	509
72.075000	423
72.100000	63
72.100000	130
72.100000	181
72.100000	319
72.100000	333
72.125000	198
72.125000	338
72.125000	426
72.150000	71
72.200000	96
72.200000	271
72.275000	29
72.275000	258
72.300000	458
72.325000	269
72.375000	329
72.375000	457
72.400000	42
72.400000	398
72.400000	474
72.425000	104
72.425000	497
72.450000	81
72.450000	252
72.450000	304
72.500000	72
72.500000	142
72.500000	313
72.500000	363
72.500000	502
72.525000	315
72.550000	390
72.575000	248
72.575000	395
72.600000	285
72.600000	435
72.650000	54
72.700000	183
72.700000	211
72.700000	247
72.750000	309
72.750000	385
72.750000	496
72.775000	337
72.800000	324
72.800000	454
72.850000	226
72.900000	419
72.950000	17
72.950000	97
72.950000	121
72.950000	362
72.975000	306
73.000000	126
73.000000	438
73.000000	483
73.050000	352
73.050000	420
73.075000	202
73.100000	122
73.100000	144
73.100000	351
73.100000	480
73.125000	206
73.150000	158
73.175000	301
73.175000	405
73.175000	428
73.200000	170
73.200000	191
73.200000	375
73.200000	469
73.225000	56
73.225000	224
73.225000	295
73.250000	466
73.275000	165
73.275000	412
73.300000	35
73.300000	349
73.375000	417
73.475000	175
73.500000	120
73.500000	188
73.525000	110
73.525000	370
73.525000	383
73.550000	31
73.550000	259
73.575000	325
73.600000	386
73.625000	397
73.650000	221
73.650000	276
73.650000	504
73.725000	84
73.750000	68
73.750000	186
73.775000	461
73.800000	477
73.800000	482
73.825000	111
73.850000	314
73.850000	354
73.875000	187
73.875000	204
73.875000	290
73.900000	61
73.900000	73
73.900000	331
73.950000	219
73.950000	481
73.975000	133
73.975000	320
73.975000	415
74.000000	402
74.025000	90
74.025000	367
74.025000	467
74.050000	16
74.050000	500
74.100000	41
74.150000	416
74.200000	91
74.200000	137
74.200000	260
74.200000	272
74.200000	328
74.225000	228
74.225000	268
74.275000	27
74.300000	298
74.325000	49
74.350000	74
74.375000	440
74.400000	451
74.425000	37
74.425000	231
74.450000	44
74.450000	101
74.450000	215
74.450000	401
74.475000	162
74.475000	172
74.500000	414
74.575000	208
74.600000	58
74.600000	107
74.600000	492
74.650000	217
74.675000	112
74.700000	18
74.700000	174
74.700000	340
74.725000	246
74.750000	192
74.750000	425
74.825000	377
74.875000	57
74.875000	145
74.875000	264
74.900000	129
74.900000	288
74.900000	404
74.925000	98
74.925000	254
74.925000	323
74.925000	442
74.950000	400
74.975000	105
74.975000	297
75.000000	24
75.025000	318
75.075000	382
75.075000	503
75.125000	214
75.125000	253
75.175000	166
75.175000	245
75.200000	468
75.225000	292
75.250000	85
75.250000	389
75.250000	465
75.300000	452
75.375000	59
75.375000	502
75.400000	184
75.400000	342
75.400000	368
75.425000	60
75.425000	393
75.450000	51
75.450000	70
75.450000	160
75.450000	479
75.475000	283
75.500000	34
75.500000	164
75.500000	197
75.500000	257
75.525000	88
75.575000	114
75.575000	455
75.600000	326
75.600000	345
75.600000	369
75.600000	443
75.625000	185
75.625000	225
75.625000	353
75.650000	456
75.675000	9
75.675000	11
75.700000	64
75.700000	210
75.750000	152
75.775000	299
75.800000	5
75.800000	150
75.825000	203
75.900000	394
75.925000	317
75.950000	46
75.950000	274
75.975000	360
76.025000	281
76.050000	132
76.050000	249
76.100000	168
76.100000	293
76.125000	511
76.150000	62
76.150000	239
76.175000	391
76.175000	491
76.200000	261
76.225000	472
76.275000	124
76.275000	335
76.275000	343
76.300000	21
76.350000	327
76.350000	470
76.375000	196
76.400000	47
76.400000	242
76.425000	89
76.425000	148
76.425000	240
76.450000	365
76.450000	406
76.475000	238
76.500000	265
76.525000	322
76.525000	409
76.575000	280
76.600000	23
76.600000	473
76.625000	209
76.625000	262
76.625000	263
76.650000	243
76.650000	277
76.675000	43
76.675000	223
76.675000	355
76.700000	32
76.700000	45
76.700000	159
76.725000	3
76.725000	156
76.725000	291
76.725000	418
76.725000	463
76.775000	199
76.775000	487
76.800000	321
76.825000	448
76.850000	8
76.875000	52
76.875000	504
76.900000	450
76.925000	125
76.925000	177
76.950000	366
76.975000	350
77.025000	153
77.025000	347
77.050000	155
77.050000	378
77.075000	95
77.075000	180
77.100000	234
77.100000	453
77.125000	220
77.150000	308
77.175000	388
77.175000	475
77.200000	270
77.200000	462
77.225000	134
77.225000	151
77.225000	287
77.225000	494
77.250000	500
77.325000	173
77.350000	433
77.375000	128
77.400000	79
77.400000	87
77.400000	399
77.425000	341
77.425000	476
77.450000	135
77.450000	407
77.475000	212
77.475000	330
77.475000	357
77.500000	311
77.525000	36
77.525000	302
77.575000	109
77.575000	273
77.575000	376
77.575000	410
77.600000	19
77.600000	447
77.625000	235
77.625000	296
77.650000	346
77.675000	282
77.675000	489
77.725000	154
77.750000	205
77.750000	439
77.775000	460
77.800000	138
77.825000	222
77.825000	374
77.825000	434
77.850000	167
77.850000	256
77.850000	379
77.875000	92
77.875000	381
77.875000	396
77.900000	176
77.900000	445
77.925000	227
77.975000	75
78.000000	284
78.000000	289
78.000000	430
78.000000	449
78.050000	22
78.050000	424
78.125000	163
78.150000	171
78.150000	432
78.150000	471
78.175000	359
78.225000	310
78.250000	48
78.250000	408
78.325000	179
78.325000	194
78.325000	361
78.325000	392
78.350000	123
78.350000	139
78.350000	300
78.350000	403
78.375000	69
78.375000	348
78.375000	358
78.375000	372
78.425000	93
78.425000	316
78.450000	108
78.450000	441
78.475000	161
78.500000	244
78.525000	356
78.550000	28
78.550000	384
78.575000	312
78.600000	503
78.625000	304
78.650000	4
78.650000	99
78.650000	143
78.650000	195
78.650000	344
78.675000	86
78.675000	431
78.700000	200
78.700000	387
78.725000	94
78.750000	12
78.750000	80
78.750000	336
78.800000	380
78.825000	307
78.825000	436
78.825000	484
78.825000	488
78.850000	422
78.900000	65
78.900000	147
78.900000	178
78.900000	275
78.925000	83
79.000000	278
79.000000	286
79.025000	131
79.050000	498
79.075000	213
79.100000	332
79.100000	423
79.150000	13
79.150000	50
79.175000	113
79.175000	232
79.175000	251
79.200000	303
79.200000	319
79.225000	77
79.225000	294
79.225000	364
79.275000	10
79.275000	190
79.275000	191
79.300000	266
79.325000	119
79.325000	309
79.350000	279
79.375000	313
79.375000	371
79.375000	459
79.500000	444
79.525000	446
79.525000	458
79.550000	141
79.575000	182
79.600000	100
79.600000	169
79.625000	2
79.675000	216
79.675000	255
79.675000	426
79.700000	375
79.700000	495
79.725000	230
79.825000	218
79.850000	149
79.850000	170
79.850000	201
79.875000	78
79.875000	271
79.875000	301
79.900000	437
79.925000	115
79.925000	478
79.950000	464
79.975000	305
80.025000	76
80.025000	193
80.050000	337
80.075000	276
80.100000	390
80.125000	267
80.150000	39
80.150000	157
80.150000	411
80.175000	33
80.175000	306
80.175000	362
80.200000	315
80.200000	334
80.200000	339
80.200000	480
80.225000	106
80.225000	405
80.300000	117
80.300000	490
80.325000	236
80.350000	395
80.350000	413
80.375000	204
80.425000	373
80.450000	26
80.450000	354
80.475000	1
80.475000	127
80.475000	211
80.475000	295
80.475000	500
80.500000	40
80.500000	96
80.500000	207
80.525000	248
80.575000	66
80.575000	233
80.575000	288
80.575000	397
80.600000	320
80.625000	82
80.625000	102
80.650000	103
80.650000	241
80.650000	250
80.675000	329
80.700000	6
80.700000	198
80.750000	158
80.750000	421
80.750000	454
80.775000	324
80.775000	333
80.825000	351
80.825000	486
80.875000	259
80.875000	467
80.900000	116
80.925000	229
80.950000	268
80.950000	352
80.975000	226
81.025000	20
81.025000	165
81.050000	0
81.075000	252
81.075000	258
81.075000	499
81.150000	385
81.150000	474
81.175000	457
81.200000	338
81.225000	25
81.225000	370
81.225000	401
81.225000	429
81.250000	15
81.250000	237
81.300000	136
81.300000	206
81.325000	412
81.350000	368
81.375000	189
81.450000	260
81.450000	325
81.500000	172
81.500000	272
81.600000	71
81.600000	425
81.600000	438
81.600000	469
81.625000	54
81.625000	231
81.650000	142
81.650000	290
81.675000	144
81.675000	492
81.725000	121
81.725000	485
81.750000	133
81.750000	181
81.750000	483
81.750000	496
81.775000	285
81.800000	400
81.825000	461
81.850000	38
81.850000	202
81.875000	427
81.900000	247
81.900000	264
81.900000	331
81.925000	349
81.950000	420
81.975000	130
82.000000	186
82.025000	503
82.050000	118
82.100000	298
82.150000	367
82.150000	386
82.200000	122
82.225000	415
82.275000	228
82.300000	328
82.300000	363
82.350000	162
82.350000	187
82.350000	318
82.375000	67
82.375000	398
82.400000	42
82.400000	249
82.400000	317
82.475000	120
82.475000	326
82.500000	192
82.500000	210
82.500000	225
82.525000	283
82.575000	297
82.600000	299
82.600000	340
82.650000	140
82.650000	345
82.725000	254
82.725000	269
82.725000	382
82.750000	110
82.750000	214
82.750000	406
82.775000	35
82.775000	287
82.775000	369
82.775000	377
82.775000	451
82.800000	389
82.825000	355
82.850000	188
82.850000	383
82.875000	16
82.875000	104
82.875000	466
82.925000	101
82.925000	175
82.925000	281
82.925000	308
82.950000	482
82.975000	302
83.000000	314
83.050000	111
83.075000	97
83.075000	126
83.100000	360
83.100000	414
83.125000	164
83.125000	323
83.125000	419
83.125000	455
83.175000	166
83.175000	402
83.200000	253
83.250000	37
83.275000	160
83.275000	409
83.300000	277
83.300000	322
83.325000	282
83.350000	91
83.350000	150
83.350000	357
83.375000	435
83.400000	343
83.425000	41
83.425000	393
83.425000	452
83.450000	416
83.475000	61
83.500000	404
83.550000	137
83.575000	72
83.575000	183
83.575000	353
83.600000	114
83.600000	292
83.600000	470
83.600000	481
83.625000	239
83.625000	327
83.650000	477
83.675000	442
83.700000	84
83.700000	293
83.725000	174
83.750000	256
83.875000	245
83.875000	500
83.900000	265
83.925000	55
83.950000	47
83.950000	374
83.975000	146
83.975000	212
83.975000	261
84.100000	316
84.150000	148
84.175000	223
84.225000	9
84.225000	246
84.275000	46
84.275000	335
84.325000	81
84.325000	184
84.375000	63
84.375000	342
84.400000	105
84.400000	129
84.400000	217
84.400000	274
84.425000	74
84.425000	125
84.425000	159
84.425000	203
84.425000	215
84.425000	487
84.450000	394
84.475000	321
84.475000	443
84.500000	417
84.500000	468
84.525000	270
84.525000	304
84.550000	350
84.575000	5
84.575000	153
84.600000	58
84.600000	473
84.625000	3
84.625000	234
84.650000	107
84.675000	284
84.675000	341
84.700000	197
84.700000	300
84.725000	257
84.750000	208
84.775000	235
84.775000	418
84.800000	167
84.800000	391
84.825000	372
84.875000	98
84.875000	448
84.900000	24
84.900000	29
84.900000	57
84.950000	21
84.950000	240
84.950000	242
84.975000	220
85.000000	346
85.025000	123
85.025000	243
85.050000	195
85.050000	262
85.050000	365
85.050000	465
85.075000	266
85.075000	332
85.100000	64
85.100000	378
85.100000	449
85.125000	27
85.125000	152
85.125000	358
85.125000	503
85.150000	453
85.175000	68
85.175000	151
85.225000	278
85.225000	463
85.250000	44
85.275000	7
85.275000	145
85.275000	330
85.300000	221
85.325000	309
85.400000	62
85.400000	273
85.400000	440
85.425000	219
85.425000	479
85.475000	18
85.475000	60
85.475000	280
85.500000	173
85.500000	224
85.525000	132
85.525000	199
85.525000	289
85.525000	310
85.525000	472
85.550000	209
85.550000	263
85.625000	138
85.625000	432
85.650000	497
85.675000	156
85.725000	49
85.725000	56
85.725000	319
85.725000	407
85.725000	431
85.750000	155
85.750000	276
85.775000	185
85.800000	313
85.800000	375
85.850000	87
85.850000	348
85.875000	227
85.875000	460
85.925000	135
85.950000	143
85.975000	88
85.975000	222
85.975000	238
85.975000	387
86.025000	286
86.075000	399
86.150000	344
86.150000	356
86.150000	366
86.150000	410
86.175000	30
86.175000	59
86.175000	381
86.200000	191
86.200000	288
86.200000	312
86.200000	456
86.225000	11
86.225000	320
86.225000	439
86.250000	423
86.325000	85
86.325000	154
86.350000	376
86.375000	109
86.375000	124
86.425000	291
86.475000	177
86.500000	430
86.575000	301
86.600000	139
86.600000	196
86.600000	491
86.650000	179
86.675000	17
86.700000	311
86.750000	445
86.775000	134
86.775000	471
86.800000	354
86.800000	384
86.825000	268
86.850000	205
86.850000	493
86.875000	204
86.875000	213
86.875000	303
86.875000	306
86.875000	458
86.900000	475
86.925000	90
86.950000	362
86.950000	364
87.000000	14
87.000000	161
87.050000	4
87.050000	28
87.050000	315
87.050000	489
87.125000	170
87.150000	337
87.175000	426
87.200000	23
87.200000	200
87.200000	408
87.275000	94
87.275000	361
87.275000	500
87.325000	244
87.375000	259
87.375000	296
87.400000	271
87.400000	447
87.425000	405
87.450000	79
87.475000	51
87.475000	397
87.500000	178
87.525000	8
87.525000	275
87.525000	371
87.525000	434
87.575000	295
87.600000	182
87.600000	401
87.625000	128
87.625000	433
87.650000	359
87.650000	380
87.700000	255
87.725000	260
87.725000	484
87.800000	232
87.800000	251
87.825000	108
87.825000	231
87.825000	294
87.850000	75
87.875000	279
87.875000	480
87.900000	390
87.925000	267
87.975000	444
88.000000	216
88.025000	19
88.025000	115
88.025000	248
88.050000	31
88.050000	73
88.075000	347
88.075000	388
88.100000	317
88.200000	45
88.200000	211
88.200000	307
88.200000	334
88.200000	464
88.225000	119
88.225000	131
88.225000	249
88.250000	32
88.250000	43
88.300000	236
88.300000	351
88.300000	425
88.300000	446
88.300000	450
88.300000	467
88.325000	368
88.375000	171
88.375000	180
88.400000	165
88.425000	459
88.425000	476
88.450000	172
88.450000	392
88.450000	503
88.475000	403
88.475000	488
88.500000	77
88.500000	158
88.500000	324
88.525000	218
88.575000	10
88.575000	264
88.575000	352
88.600000	225
88.625000	272
88.650000	95
88.650000	370
88.675000	441
88.700000	168
88.700000	355
88.700000	396
88.725000	147
88.725000	163
88.825000	252
88.825000	422
88.850000	308
88.875000	206
88.925000	96
88.925000	336
88.950000	302
88.950000	395
89.000000	193
89.000000	287
89.000000	325
89.050000	157
89.075000	492
89.100000	52
89.125000	48
89.125000	50
89.125000	226
89.125000	326
89.125000	333
89.125000	424
89.175000	89
89.175000	290
89.175000	329
89.175000	411
89.200000	92
89.225000	283
89.225000	454
89.250000	277
89.275000	281
89.275000	339
89.300000	198
89.300000	233
89.300000	299
89.325000	80
89.325000	149
89.325000	345
89.375000	437
89.400000	83
89.400000	282
89.425000	305
89.475000	210
89.525000	112
89.525000	322
89.525000	478
89.575000	318
89.575000	412
89.600000	13
89.600000	258
89.625000	230
89.625000	250
89.625000	400
89.650000	39
89.650000	201
89.675000	360
89.700000	117
89.725000	69
89.750000	297
89.750000	457
89.775000	192
89.775000	385
89.775000	406
89.800000	36
89.800000	141
89.800000	176
89.825000	127
89.825000	298
89.825000	495
89.850000	254
89.900000	26
89.925000	357
89.975000	207
89.975000	214
89.975000	241
90.000000	113
90.000000	331
90.000000	382
90.025000	338
90.025000	409
90.050000	106
90.050000	189
90.075000	469
90.100000	421
90.100000	512
90.125000	86
90.175000	256
90.200000	76
90.200000	483
90.225000	328
90.225000	369
90.275000	415
90.275000	461
90.325000	316
90.375000	438
90.375000	516
90.400000	374
90.475000	187
90.475000	229
90.525000	304
90.550000	237
90.550000	332
90.550000	343
90.550000	474
90.575000	144
90.575000	186
90.575000	266
90.600000	162
90.600000	164
90.650000	133
90.650000	377
90.650000	486
90.675000	349
90.675000	367
90.700000	142
90.725000	285
90.725000	500
90.775000	40
90.825000	228
90.825000	239
90.825000	498
90.850000	121
90.850000	436
90.875000	202
90.875000	327
90.875000	340
90.875000	413
90.900000	116
90.925000	389
90.975000	65
90.975000	265
91.000000	212
91.000000	386
91.000000	428
91.050000	33
91.050000	253
91.050000	429
91.075000	150
91.100000	455
91.125000	93
91.175000	2
91.175000	100
91.225000	25
91.225000	247
91.250000	496
91.300000	122
91.375000	451
91.425000	223
91.425000	503
91.450000	6
91.450000	166
91.450000	490
91.475000	372
91.525000	20
91.525000	284
91.525000	293
91.575000	470
91.600000	103
91.600000	353
91.650000	99
91.675000	153
91.675000	195
91.675000	235
91.675000	346
91.700000	319
91.700000	414
91.725000	300
91.800000	234
91.800000	321
91.800000	363
91.825000	276
91.850000	136
91.850000	261
91.850000	323
91.850000	482
91.950000	47
91.950000	309
91.975000	313
92.000000	54
92.000000	350
92.000000	452
92.050000	101
92.075000	167
92.075000	341
92.100000	181
92.125000	125
92.125000	270
92.150000	278
92.175000	16
92.175000	314
92.200000	35
92.225000	188
92.225000	335
92.250000	12
92.250000	288
92.250000	320
92.275000	148
92.275000	358
92.275000	487
92.325000	373
92.350000	449
92.375000	404
92.400000	38
92.425000	120
92.425000	292
92.425000	432
92.475000	203
92.475000	375
92.475000	393
92.525000	42
92.550000	160
92.550000	394
92.625000	15
92.650000	130
92.650000	159
92.650000	269
92.650000	344
92.675000	383
92.675000	402
92.700000	420
92.700000	481
92.725000	310
92.750000	123
92.775000	268
92.800000	348
92.825000	431
92.825000	442
92.850000	9
92.850000	220
92.850000	466
92.875000	71
92.900000	174
92.900000	419
92.900000	427
92.925000	245
92.925000	306
92.950000	259
92.950000	274
92.975000	246
93.000000	3
93.000000	289
93.000000	315
93.000000	354
93.025000	398
93.050000	204
93.075000	5
93.075000	286
93.075000	330
93.100000	175
93.150000	37
93.150000	110
93.175000	114
93.175000	365
93.200000	70
93.200000	473
93.225000	423
93.250000	378
93.300000	1
93.300000	273
93.300000	418
93.325000	453
93.375000	64
93.450000	138
93.450000	416
93.475000	215
93.500000	342
93.525000	143
93.525000	262
93.525000	312
93.575000	243
93.575000	448
93.600000	260
93.600000	362
93.675000	82
93.675000	137
93.700000	317
93.725000	387
93.750000	66
93.750000	240
93.750000	397
93.775000	34
93.800000	61
93.800000	91
93.800000	184
93.825000	485
93.850000	227
93.875000	151
93.875000	183
93.875000	356
93.900000	191
93.900000	217
93.900000	301
93.925000	111
93.925000	173
93.975000	97
94.000000	401
94.025000	46
94.025000	129
94.025000	140
94.050000	231
94.050000	407
94.075000	213
94.075000	242
94.075000	500
94.125000	257
94.200000	199
94.200000	337
94.225000	391
94.225000	468
94.275000	169
94.300000	190
94.350000	197
94.425000	21
94.425000	308
94.425000	443
94.425000	520
94.450000	263
94.475000	463
94.475000	503
94.500000	104
94.500000	126
94.500000	156
94.550000	222
94.575000	152
94.575000	381
94.575000	458
94.600000	209
94.600000	303
94.625000	439
94.675000	84
94.675000	295
94.675000	355
94.675000	426
94.675000	435
94.725000	364
94.750000	410
94.775000	460
94.800000	280
94.825000	58
94.825000	154
94.825000	302
94.825000	399
94.825000	430
94.900000	135
94.900000	477
94.925000	179
94.925000	264
94.925000	494
94.975000	98
95.000000	41
95.025000	74
95.050000	132
95.050000	248
95.125000	24
95.125000	102
95.125000	249
95.150000	405
95.175000	78
95.175000	282
95.175000	417
95.200000	271
95.250000	155
95.250000	170
95.275000	87
95.275000	118
95.275000	211
95.275000	287
95.300000	62
95.300000	172
95.350000	267
95.425000	425
95.475000	105
95.475000	165
95.500000	272
95.500000	277
95.525000	465
95.550000	208
95.550000	326
95.550000	376
95.575000	361
95.575000	472
95.625000	158
95.650000	115
95.650000	238
95.650000	334
95.725000	322
95.750000	225
95.750000	517
95.775000	139
95.775000	311
95.800000	351
95.850000	445
95.875000	145
95.875000	255
95.875000	371
95.875000	384
95.900000	390
95.925000	281
95.925000	360
95.925000	499
95.950000	324
95.975000	366
95.975000	368
95.975000	471
96.000000	107
96.000000	345
96.000000	480
96.025000	11
96.025000	18
96.025000	467
96.050000	4
96.050000	178
96.050000	316
96.050000	357
96.050000	380
96.050000	408
96.075000	370
96.100000	464
96.125000	185
96.125000	352
96.150000	161
96.150000	200
96.225000	27
96.225000	304
96.250000	60
96.250000	256
96.275000	194
96.275000	205
96.300000	244
96.325000	318
96.400000	57
96.400000	294
96.425000	275
96.450000	67
96.450000	134
96.450000	279
96.475000	182
96.500000	216
96.500000	236
96.525000	251
96.600000	94
96.600000	232
96.625000	206
96.650000	252
96.675000	299
96.700000	446
96.725000	290
96.725000	440
96.750000	297
96.775000	0
96.800000	28
96.850000	196
96.850000	374
96.875000	124
96.875000	177
96.875000	332
96.900000	266
96.925000	109
96.950000	291
96.950000	325
96.950000	406
96.975000	444
96.975000	492
97.000000	88
97.000000	283
97.025000	81
97.025000	359
97.025000	382
97.050000	484
97.075000	456
97.150000	210
97.175000	59
97.175000	221
97.175000	224
97.225000	307
97.250000	226
97.250000	409
97.275000	119
97.275000	489
97.325000	219
97.450000	72
97.450000	434
97.475000	254
97.475000	479
97.500000	10
97.500000	23
97.500000	44
97.500000	146
97.500000	400
97.575000	369
97.575000	500
97.600000	49
97.600000	319
97.625000	298
97.675000	50
97.675000	475
97.700000	447
97.725000	22
97.725000	193
97.725000	214
97.725000	411
97.750000	329
97.850000	131
97.850000	343
97.850000	491
97.875000	454
97.900000	218
97.925000	96
97.925000	276
97.925000	503
98.000000	296
98.000000	395
98.025000	327
98.050000	192
98.075000	333
98.075000	415
98.125000	8
98.125000	288
98.150000	79
98.150000	459
98.225000	331
98.225000	488
98.275000	157
98.300000	239
98.300000	309
98.325000	233
98.350000	63
98.375000	212
98.400000	75
98.400000	258
98.425000	422
98.450000	223
98.450000	300
98.450000	313
98.450000	377
98.475000	85
98.475000	320
98.475000	433
98.525000	108
98.550000	29
98.550000	144
98.550000	198
98.550000	265
98.550000	284
98.575000	150
98.575000	250
98.575000	372
98.600000	235
98.650000	412
98.675000	388
98.700000	392
98.700000	437
98.775000	375
98.775000	457
98.825000	336
98.825000	403
98.850000	171
98.850000	268
98.850000	278
98.850000	328
98.875000	346
98.875000	379
98.875000	385
98.900000	338
98.925000	125
98.950000	164
98.950000	167
98.975000	133
98.975000	253
98.975000	321
99.025000	305
99.025000	396
99.025000	469
99.050000	55
99.050000	117
99.050000	187
99.075000	358
99.125000	306
99.125000	438
99.150000	19
99.150000	180
99.175000	339
99.175000	367
99.200000	186
99.200000	189
99.225000	441
99.225000	483
99.250000	32
99.250000	147
99.275000	45
99.275000	68
99.325000	293
99.350000	162
99.375000	77
99.375000	354
99.375000	424
99.375000	495
99.400000	128
99.400000	317
99.425000	195
99.425000	389
99.475000	350
99.500000	17
99.525000	39
99.525000	207
99.525000	241
99.550000	202
99.550000	234
99.550000	349
99.550000	455
99.575000	127
99.575000	149
99.575000	344
99.575000	476
99.625000	201
99.650000	340
99.675000	353
99.700000	142
99.700000	259
99.725000	116
99.750000	315
99.775000	285
99.775000	461
99.800000	153
99.800000	260
99.850000	341
99.875000	432
99.900000	451
99.950000	247
99.975000	421
100.000000	56
100.000000	204
100.000000	310
100.000000	487
100.100000	141
100.125000	166
100.125000	228
100.150000	230
100.150000	478
100.175000	237
100.175000	414
100.225000	261
100.225000	386
100.250000	229
100.275000	48
100.275000	470
100.300000	394
100.325000	123
100.375000	270
100.450000	43
100.450000	348
100.475000	497
100.500000	286
100.500000	431
100.550000	474
100.575000	289
100.600000	13
100.600000	148
100.625000	47
100.650000	90
100.675000	191
100.675000	308
100.700000	449
100.725000	323
100.750000	83
100.750000	159
100.750000	231
100.775000	335
100.800000	397
100.800000	503
100.825000	121
100.825000	249
100.850000	496
100.900000	122
100.925000	138
100.925000	429
100.925000	486
100.950000	69
100.950000	203
100.975000	500
101.000000	106
101.000000	452
101.025000	355
101.050000	52
101.100000	143
101.100000	220
101.100000	347
101.100000	378
101.125000	330
101.150000	301
101.175000	101
101.175000	423
101.200000	292
101.200000	482
101.250000	160
101.250000	312
101.350000	80
101.350000	282
101.375000	302
101.400000	387
101.450000	401
101.475000	362
101.500000	33
101.500000	287
101.500000	337
101.525000	76
101.525000	168
101.550000	5
101.550000	113
101.550000	273
101.550000	413
101.575000	36
101.600000	277
101.600000	295
101.625000	248
101.650000	3
101.650000	26
101.650000	213
101.650000	314
101.650000	450
101.675000	404
101.675000	418
101.750000	89
101.750000	243
101.775000	163
101.800000	16
101.800000	25
101.800000	363
101.850000	9
101.850000	365
101.875000	264
101.875000	393
101.900000	274
101.925000	227
101.950000	246
102.000000	151
102.000000	316
102.025000	120
102.025000	356
102.125000	326
102.150000	51
102.200000	174
102.200000	176
102.225000	92
102.275000	211
102.300000	383
102.325000	304
102.425000	37
102.425000	473
102.450000	272
102.475000	281
102.475000	322
102.475000	360
102.475000	364
102.500000	181
102.500000	188
102.500000	199
102.500000	342
102.550000	35
102.550000	165
102.550000	458
102.550000	466
102.575000	215
102.575000	426
102.575000	490
102.650000	402
102.675000	245
102.675000	357
102.675000	407
102.700000	240
102.700000	453
102.725000	86
102.725000	95
102.725000	303
102.750000	100
102.750000	262
102.750000	318
102.775000	103
102.775000	172
102.775000	173
102.800000	6
102.800000	158
102.825000	345
102.825000	442
102.875000	170
102.875000	481
102.925000	242
102.925000	256
102.925000	266
102.925000	267
102.925000	498
102.950000	425
103.000000	332
103.000000	334
103.025000	129
103.025000	136
103.025000	405
103.050000	14
103.050000	381
103.050000	448
103.075000	271
103.075000	419
103.125000	222
103.175000	46
103.200000	64
103.225000	225
103.250000	269
103.250000	430
103.325000	20
103.325000	373
103.350000	2
103.375000	42
103.425000	197
103.425000	319
103.450000	179
103.475000	152
103.475000	463
103.575000	21
103.575000	263
103.600000	351
103.625000	132
103.625000	439
103.650000	7
103.650000	399
103.675000	368
103.700000	54
103.700000	324
103.725000	175
103.725000	410
103.775000	460
103.800000	97
103.875000	390
103.875000	398
103.875000	436
103.925000	427
103.950000	40
103.975000	156
103.975000	361
103.975000	464
104.000000	416
104.000000	514
104.025000	217
104.025000	370
104.050000	184
104.100000	297
104.100000	352
104.150000	65
104.150000	110
104.150000	209
104.150000	255
104.175000	137
104.175000	299
104.200000	31
104.200000	135
104.225000	320
104.250000	183
104.275000	155
104.275000	374
104.275000	503
104.300000	38
104.300000	257
104.325000	391
104.325000	468
104.450000	15
104.450000	420
104.525000	93
104.525000	480
104.550000	130
104.575000	406
104.600000	71
104.600000	343
104.650000	91
104.650000	154
104.650000	288
104.650000	371
104.650000	500
104.675000	112
104.700000	280
104.750000	376
104.775000	382
104.825000	178
104.825000	206
104.825000	278
104.825000	309
104.825000	369
104.850000	1
104.850000	409
104.875000	252
104.875000	276
104.875000	279
104.900000	313
104.900000	327
104.900000	380
104.925000	238
104.950000	115
104.950000	200
104.975000	87
104.975000	114
105.025000	290
105.025000	300
105.050000	111
105.050000	236
105.050000	372
105.050000	445
105.075000	294
105.150000	311
105.175000	24
105.175000	139
105.175000	471
105.200000	12
105.200000	226
105.200000	254
105.225000	467
105.250000	375
105.250000	384
105.250000	477
105.275000	268
105.300000	232
105.325000	105
105.325000	443
105.350000	235
105.375000	216
105.400000	62
105.400000	99
105.425000	4
105.450000	205
105.450000	358
105.475000	182
105.500000	210
105.500000	223
105.550000	251
105.550000	317
105.575000	10
105.650000	244
105.650000	400
105.700000	284
105.700000	492
105.725000	212
105.725000	275
105.725000	283
105.725000	325
105.775000	58
105.775000	161
105.775000	446
105.825000	260
105.825000	354
105.900000	411
105.900000	435
105.950000	140
105.975000	265
106.000000	306
106.025000	74
106.025000	298
106.075000	126
106.075000	493
106.100000	193
106.100000	366
106.100000	408
106.150000	472
106.175000	41
106.175000	104
106.200000	346
106.225000	98
106.225000	321
106.275000	119
106.300000	308
106.325000	167
106.325000	331
106.350000	134
106.400000	239
106.425000	484
106.450000	333
106.475000	344
106.500000	11
106.500000	329
106.500000	415
106.550000	377
106.550000	444
106.600000	125
106.650000	84
106.750000	109
106.750000	249
106.775000	82
106.775000	177
106.800000	50
106.825000	28
106.825000	144
106.825000	417
106.875000	454
106.900000	23
106.900000	214
106.900000	315
107.000000	150
107.000000	208
107.025000	259
107.050000	253
107.100000	192
107.175000	61
107.175000	185
107.225000	60
107.225000	118
107.225000	302
107.275000	359
107.325000	307
107.325000	350
107.350000	66
107.350000	133
107.350000	485
107.375000	124
107.375000	291
107.375000	395
107.375000	503
107.400000	233
107.425000	96
107.425000	196
107.450000	282
107.450000	367
107.525000	432
107.550000	204
107.600000	455
107.625000	469
107.625000	483
107.650000	131
107.675000	94
107.700000	258
107.700000	355
107.725000	164
107.750000	438
107.775000	107
107.775000	218
107.850000	27
107.875000	293
107.875000	431
107.900000	195
107.925000	310
107.925000	465
107.950000	287
108.025000	328
108.050000	73
108.075000	341
108.075000	353
108.100000	88
108.100000	145
108.125000	234
108.150000	231
108.150000	394
108.175000	187
108.175000	316
108.200000	286
108.200000	487
108.250000	186
108.275000	250
108.325000	301
108.350000	277
108.350000	434
108.400000	385
108.425000	30
108.450000	340
108.450000	378
108.450000	397
108.450000	457
108.475000	500
108.500000	123
108.500000	198
108.525000	304
108.550000	295
108.550000	414
108.575000	57
108.575000	428
108.600000	289
108.600000	389
108.700000	162
108.700000	349
108.725000	191
108.725000	475
108.775000	18
108.775000	489
108.800000	488
108.825000	138
108.825000	338
108.850000	348
108.850000	456
108.900000	189
108.950000	305
108.950000	401
109.000000	159
109.000000	166
109.025000	285
109.025000	440
109.025000	470
109.050000	8
109.050000	59
109.050000	447
109.075000	142
109.075000	247
109.100000	392
109.100000	396
109.125000	143
109.125000	495
109.150000	148
109.150000	270
109.150000	337
109.175000	153
109.175000	422
109.225000	330
109.225000	360
109.250000	248
109.250000	296
109.250000	387
109.275000	213
109.300000	362
109.325000	335
109.325000	459
109.350000	412
109.350000	499
109.375000	44
109.375000	261
109.375000	326
109.400000	437
109.400000	494
109.425000	256
109.475000	117
109.475000	157
109.475000	228
109.475000	433
109.500000	241
109.525000	116
109.550000	202
109.550000	312
109.550000	491
109.575000	357
109.650000	424
109.650000	461
109.675000	19
109.675000	266
109.725000	264
109.725000	273
109.725000	281
109.750000	336
109.825000	47
109.825000	332
109.825000	451
109.875000	45
109.875000	75
109.875000	127
109.875000	220
109.975000	356
110.000000	388
110.000000	418
110.025000	319
110.050000	272
110.075000	227
110.075000	318
110.100000	203
110.100000	334
110.100000	345
110.125000	108
110.125000	421
110.125000	423
110.175000	85
110.250000	364
110.275000	386
110.300000	322
110.300000	323
110.350000	102
110.350000	180
110.350000	219
110.375000	49
110.375000	405
110.400000	79
110.400000	165
110.425000	170
110.425000	201
110.450000	169
110.450000	425
110.450000	449
110.550000	339
110.600000	67
110.625000	458
110.675000	101
110.700000	225
110.725000	211
110.750000	81
110.750000	237
110.775000	141
110.800000	207
110.800000	479
110.825000	365
110.825000	426
110.850000	403
110.875000	441
110.900000	503
110.925000	292
110.950000	160
110.975000	172
110.975000	476
111.025000	151
111.025000	496
111.100000	478
111.100000	482
111.175000	5
111.175000	149
111.225000	77
111.225000	309
111.250000	171
111.300000	303
111.300000	320
111.325000	267
111.325000	288
111.350000	32
111.350000	83
111.375000	429
111.425000	122
111.425000	486
111.450000	224
111.450000	229
111.450000	230
111.475000	452
111.525000	393
111.550000	313
111.600000	39
111.625000	368
111.650000	276
111.675000	78
111.675000	243
111.700000	113
111.700000	121
111.725000	16
111.725000	381
111.750000	374
111.775000	500
111.800000	158
111.800000	314
111.800000	317
111.825000	3
111.825000	271
111.900000	0
111.900000	221
111.900000	278
111.900000	343
111.925000	9
111.975000	404
111.975000	407
112.050000	324
112.050000	351
112.075000	199
112.075000	268
112.075000	363
112.100000	274
112.100000	390
112.125000	147
112.125000	240
112.125000	372
112.150000	327
112.200000	308
112.250000	352
112.275000	174
112.300000	146
112.300000	299
112.300000	474
112.375000	48
112.375000	129
112.375000	152
112.400000	297
112.400000	354
112.425000	246
112.450000	300
112.450000	406
112.475000	69
112.475000	190
112.475000	235
112.500000	43
112.500000	179
112.500000	342
112.575000	375
112.600000	128
112.600000	460
112.625000	173
112.650000	399
112.675000	481
112.700000	106
112.775000	369
112.800000	120
112.800000	222
112.825000	383
112.850000	409
112.875000	453
112.900000	13
112.950000	306
112.975000	223
112.975000	410
113.025000	370
113.025000	463
113.125000	37
113.125000	135
113.125000	215
113.125000	255
113.125000	358
113.125000	361
113.125000	382
113.125000	439
113.175000	473
113.200000	344
113.225000	260
113.225000	466
113.275000	197
113.275000	346
113.325000	448
113.325000	464
113.350000	252
113.375000	430
113.425000	188
113.425000	245
113.500000	254
113.525000	249
113.525000	284
113.575000	262
113.600000	132
113.625000	181
113.650000	35
113.650000	36
113.650000	155
113.650000	442
113.675000	347
113.700000	72
113.725000	33
113.725000	178
113.775000	206
113.775000	226
113.825000	302
113.850000	212
113.850000	413
113.875000	265
113.950000	64
113.975000	56
113.975000	321
114.025000	315
114.050000	156
114.100000	355
114.125000	90
114.125000	259
114.125000	400
114.175000	263
114.200000	216
114.250000	200
114.250000	282
114.250000	316
114.250000	503
114.275000	419
114.300000	232
114.300000	269
114.300000	371
114.325000	279
114.350000	402
114.375000	139
114.375000	471
114.400000	52
114.450000	411
114.450000	467
114.500000	236
114.550000	210
114.550000	380
114.575000	76
114.575000	97
114.575000	167
114.600000	257
114.625000	29
114.625000	125
114.625000	377
114.625000	497
114.650000	154
114.675000	294
114.700000	242
114.725000	63
114.750000	100
114.775000	290
114.800000	480
114.825000	298
114.825000	445
114.875000	25
114.875000	204
114.900000	184
114.900000	209
114.900000	492
114.900000	498
114.950000	21
114.950000	193
114.950000	384
114.950000	446
114.975000	46
115.025000	450
115.050000	432
115.100000	6
115.125000	331
115.150000	68
115.150000	105
115.150000	137
115.150000	415
115.175000	239
115.200000	238
115.225000	17
115.225000	376
115.225000	431
115.250000	115
115.250000	175
115.275000	103
115.300000	391
115.325000	427
115.350000	163
115.350000	468
115.425000	350
115.525000	304
115.550000	10
115.550000	416
115.600000	367
115.625000	26
115.625000	287
115.675000	91
115.725000	183
115.725000	275
115.725000	325
115.800000	311
115.875000	253
115.875000	266
115.900000	110
115.950000	182
115.950000	484
115.975000	283
116.000000	62
116.050000	164
116.050000	360
116.075000	454
116.125000	150
116.150000	231
116.150000	500
116.175000	205
116.175000	217
116.200000	277
116.250000	191
116.250000	333
116.275000	329
116.275000	395
116.325000	136
116.325000	319
116.350000	398
116.375000	444
116.400000	244
116.450000	42
116.450000	161
116.475000	286
116.500000	4
116.500000	192
116.525000	55
116.525000	144
116.525000	301
116.525000	401
116.550000	280
116.600000	251
116.600000	455
116.700000	40
116.700000	168
116.700000	295
116.700000	378
116.700000	394
116.700000	408
116.725000	119
116.750000	20
116.750000	397
116.750000	490
116.775000	89
116.850000	195
116.850000	362
116.900000	256
116.900000	310
116.925000	111
116.925000	420
116.950000	1
116.975000	109
117.025000	187
117.025000	293
117.025000	337
117.075000	353
117.075000	443
117.100000	328
117.125000	341
117.125000	373
117.150000	332
117.250000	2
117.250000	123
117.275000	438
117.275000	483
117.300000	258
117.300000	264
117.325000	330
117.325000	503
117.350000	87
117.350000	414
117.350000	469
117.350000	472
117.400000	70
117.425000	130
117.425000	234
117.425000	326
117.450000	15
117.450000	96
117.450000	366
117.475000	131
117.475000	357
117.525000	340
117.575000	233
117.575000	348
117.600000	213
117.600000	289
117.600000	477
117.650000	23
117.650000	281
117.700000	28
117.725000	218
117.725000	487
117.800000	186
117.800000	356
117.825000	133
117.825000	177
117.850000	159
117.850000	214
117.875000	345
117.925000	318
117.925000	334
117.950000	248
117.975000	126
117.975000	143
117.975000	273
118.000000	148
118.000000	359
118.025000	312
118.050000	170
118.125000	140
118.150000	425
118.175000	138
118.225000	50
118.225000	270
118.250000	95
118.250000	309
118.275000	86
118.275000	134
118.300000	272
118.325000	364
118.325000	387
118.325000	457
118.350000	389
118.350000	470
118.375000	322
118.425000	80
118.425000	114
118.475000	71
118.475000	225
118.500000	196
118.500000	317
118.525000	288
118.575000	261
118.600000	436
118.625000	405
118.675000	65
118.700000	24
118.700000	435
118.775000	54
118.775000	338
118.800000	162
118.800000	276
118.850000	166
119.000000	165
119.000000	308
119.000000	313
119.000000	320
119.050000	176
119.075000	198
119.100000	250
119.125000	58
119.125000	228
119.150000	220
119.200000	349
119.200000	385
119.275000	38
119.275000	153
119.325000	142
119.325000	189
119.325000	268
119.325000	458
119.350000	60
119.400000	74
119.400000	172
119.400000	426
119.450000	211
119.450000	291
119.475000	227
119.475000	335
119.525000	423
119.600000	88
119.600000	396
119.675000	203
119.675000	374
119.700000	84
119.700000	449
119.750000	418
119.775000	305
119.800000	285
119.800000	307
119.900000	278
119.900000	500
119.925000	303
119.975000	495
120.000000	124
120.025000	354
120.075000	82
120.075000	107
120.100000	208
120.125000	424
120.150000	368
120.150000	406
120.150000	434
120.175000	247
120.200000	92
120.200000	327
120.200000	437
120.250000	11
120.250000	202
120.250000	461
120.275000	185
120.300000	27
120.325000	488
120.400000	47
120.425000	249
120.425000	306
120.450000	456
120.500000	343
120.525000	352
120.550000	241
120.575000	94
120.575000	98
120.575000	157
120.600000	300
120.600000	459
120.625000	372
120.650000	19
120.650000	365
120.725000	61
120.725000	381
120.725000	422
120.775000	127
120.775000	375
120.775000	515
120.800000	104
120.825000	117
120.850000	158
120.875000	116
120.875000	151
120.875000	235
120.875000	351
120.900000	417
120.925000	489
120.950000	22
120.950000	260
120.950000	344
120.950000	412
120.975000	99
120.975000	292
121.000000	145
121.000000	390
121.025000	433
121.050000	259
121.075000	41
121.075000	451
121.075000	503
121.150000	386
121.175000	316
121.175000	346
121.250000	237
121.250000	254
121.250000	369
121.300000	160
121.300000	223
121.300000	324
121.325000	302
121.325000	315
121.350000	407
121.400000	282
121.400000	299
121.425000	5
121.450000	284
121.525000	113
121.525000	355
121.550000	323
121.600000	429
121.675000	267
121.675000	271
121.700000	336
121.750000	358
121.750000	475
121.775000	93
121.775000	179
121.775000	382
121.800000	16
121.800000	496
121.825000	304
121.825000	486
121.925000	83
121.925000	339
121.950000	201
122.025000	252
122.025000	478
122.075000	122
122.075000	297
122.075000	409
122.075000	421
122.125000	321
122.175000	39
122.200000	108
122.200000	212
122.200000	342
122.350000	45
122.350000	399
122.375000	135
122.375000	274
122.425000	59
122.425000	404
122.475000	243
122.475000	266
122.475000	465
122.525000	118
122.525000	129
122.550000	9
122.575000	392
122.575000	393
122.600000	460
122.625000	265
122.650000	226
122.650000	388
122.675000	3
122.700000	204
122.750000	18
122.750000	240
122.825000	222
122.900000	452
122.925000	57
122.950000	77
122.950000	400
123.025000	370
123.025000	410
123.075000	319
123.100000	12
123.100000	482
123.125000	101
123.125000	121
123.125000	246
123.150000	174
123.175000	287
123.225000	199
123.225000	314
123.250000	152
123.275000	51
123.300000	125
123.325000	453
123.425000	210
123.425000	485
123.450000	167
123.450000	491
123.475000	178
123.475000	439
123.500000	377
123.525000	206
123.525000	500
123.575000	120
123.575000	229
123.575000	255
123.600000	79
123.600000	296
123.600000	430
123.625000	232
123.650000	216
123.650000	431
123.700000	513
123.750000	360
123.825000	363
123.900000	75
123.900000	361
123.950000	215
123.950000	471
123.975000	155
123.975000	200
124.025000	298
124.075000	230
124.100000	256
124.100000	464
124.125000	411
124.150000	231
124.175000	492
124.200000	403
124.225000	441
124.250000	197
124.300000	141
124.300000	149
124.300000	164
124.375000	279
124.425000	332
124.425000	493
124.450000	207
124.500000	173
124.525000	277
124.550000	8
124.575000	290
124.575000	350
124.600000	503
124.650000	180
124.675000	415
124.675000	432
124.700000	66
124.725000	191
124.750000	139
124.750000	245
124.775000	44
124.775000	97
124.775000	371
124.800000	401
124.825000	448
124.900000	7
124.900000	85
124.900000	156
124.925000	379
125.025000	481
125.050000	362
125.075000	69
125.075000	115
125.075000	467
125.100000	239
125.100000	331
125.125000	262
125.175000	380
125.200000	106
125.200000	473
125.225000	154
125.275000	397
125.300000	264
125.300000	286
125.300000	317
125.300000	447
125.325000	123
125.325000	337
125.325000	442
125.375000	81
125.400000	357
125.400000	480
125.425000	171
125.425000	236
125.425000	383
125.500000	325
125.525000	31
125.525000	301
125.550000	37
125.550000	345
125.550000	367
125.575000	446
125.625000	64
125.625000	188
125.675000	463
125.725000	288
125.725000	384
125.775000	394
125.900000	257
125.900000	378
125.925000	195
125.925000	253
125.925000	326
125.950000	112
125.950000	147
125.975000	67
126.000000	445
126.050000	425
126.075000	295
126.100000	310
126.100000	476
126.150000	281
126.175000	484
126.200000	46
126.225000	132
126.300000	283
126.300000	309
126.325000	10
126.325000	150
126.350000	294
126.350000	356
126.375000	32
126.375000	49
126.425000	313
126.450000	263
126.475000	312
126.500000	128
126.525000	308
126.525000	395
126.550000	329
126.575000	105
126.575000	318
126.575000	479
126.600000	76
126.600000	330
126.600000	334
126.625000	499
126.650000	234
126.650000	376
126.700000	184
126.700000	414
126.700000	454
126.725000	238
126.725000	273
126.725000	276
126.800000	192
126.800000	269
126.800000	391
126.825000	320
126.875000	181
126.900000	341
126.900000	474
126.925000	96
126.975000	272
127.000000	159
127.025000	209
127.050000	35
127.050000	187
127.050000	455
127.075000	43
127.075000	322
127.100000	182
127.100000	219
127.125000	137
127.150000	148
127.150000	170
127.150000	213
127.150000	244
127.150000	328
127.175000	333
127.200000	193
127.200000	402
127.200000	483
127.225000	13
127.225000	194
127.250000	48
127.250000	242
127.275000	33
127.300000	408
127.300000	466
127.325000	258
127.400000	62
127.425000	100
127.450000	289
127.475000	36
127.550000	468
127.575000	91
127.575000	248
127.575000	500
127.600000	268
127.650000	109
127.650000	444
127.675000	348
127.700000	161
127.700000	275
127.725000	225
127.725000	293
127.775000	353
127.800000	251
127.825000	87
127.875000	205
128.000000	143
128.025000	224
128.025000	340
128.025000	440
128.050000	416
128.050000	487
128.075000	144
128.075000	354
128.075000	405
128.100000	364
128.100000	413
128.125000	28
128.125000	458
128.125000	469
128.150000	102
128.175000	406
128.175000	427
128.200000	311
128.200000	503
128.275000	270
128.275000	419
128.325000	278
128.350000	133
128.350000	389
128.350000	438
128.400000	387
128.450000	52
128.525000	4
128.525000	175
128.575000	172
128.575000	249
128.575000	457
128.600000	374
128.625000	347
128.675000	6
128.700000	21
128.725000	111
128.750000	259
128.775000	163
128.875000	260
128.900000	211
128.925000	214
128.925000	368
128.950000	138
129.000000	217
129.025000	165
129.025000	261
129.050000	119
129.050000	131
129.075000	426
129.125000	186
129.175000	114
129.175000	344
129.225000	162
129.225000	306
129.275000	220
129.275000	372
129.300000	355
129.325000	470
129.350000	282
129.350000	303
129.375000	40
129.375000	343
129.375000	443
129.375000	498
129.425000	302
129.425000	477
129.500000	300
129.500000	423
129.525000	158
129.525000	304
129.550000	352
129.600000	284
129.700000	420
129.700000	437
129.725000	316
129.725000	358
129.725000	359
129.775000	235
129.800000	338
129.800000	398
129.825000	42
129.825000	166
129.850000	14
129.875000	153
129.875000	266
129.900000	228
129.900000	335
129.900000	375
129.900000	449
129.975000	221
130.000000	20
130.000000	26
130.000000	327
130.025000	369
130.050000	315
130.100000	130
130.150000	142
130.200000	218
130.200000	472
130.250000	203
130.250000	223
130.250000	233
130.300000	50
130.300000	366
130.300000	418
130.300000	461
130.325000	346
130.400000	179
130.400000	227
130.425000	351
130.450000	103
130.475000	183
130.475000	189
130.525000	110
130.550000	321
130.575000	94
130.650000	349
130.725000	365
130.750000	497
130.775000	256
130.825000	25
130.825000	140
130.875000	23
130.950000	72
130.975000	299
131.000000	382
131.050000	287
131.050000	319
131.225000	254
131.225000	324
131.250000	407
131.275000	252
131.300000	151
131.325000	2
131.350000	250
131.375000	135
131.375000	271
131.425000	409
131.450000	212
131.450000	265
131.450000	390
131.475000	292
131.475000	490
131.525000	500
131.550000	280
131.575000	247
131.575000	503
131.600000	210
131.675000	5
131.675000	177
131.700000	231
131.700000	332
131.725000	381
131.750000	412
131.775000	198
131.800000	285
131.850000	134
131.875000	60
131.900000	146
131.900000	297
131.925000	15
131.950000	226
131.975000	160
131.975000	204
132.075000	3
132.125000	196
132.125000	422
132.150000	9
132.175000	1
132.200000	47
132.225000	89
132.250000	459
132.275000	400
132.300000	386
132.300000	429
132.325000	167
132.375000	451
132.400000	68
132.425000	116
132.475000	168
132.500000	107
132.500000	360
132.550000	241
132.550000	456
132.575000	136
132.575000	222
132.575000	434
132.575000	450
132.675000	157
132.700000	122
132.700000	237
132.750000	202
132.825000	277
132.850000	125
132.875000	433
132.975000	288
132.975000	291
132.975000	308
133.000000	305
133.000000	317
133.025000	84
133.025000	486
133.075000	113
133.075000	495
133.100000	267
133.100000	430
133.150000	86
133.175000	191
133.200000	373
133.225000	127
133.225000	401
133.275000	17
133.300000	404
133.325000	78
133.325000	169
133.350000	357
133.375000	385
133.400000	56
133.400000	488
133.450000	478
133.475000	396
133.550000	16
133.550000	496
133.600000	362
133.600000	370
133.625000	274
133.625000	345
133.650000	24
133.675000	342
133.675000	435
133.725000	88
133.725000	145
133.775000	460
133.800000	377
133.800000	393
133.825000	126
133.825000	339
133.825000	431
133.850000	178
133.850000	410
133.875000	63
133.900000	61
133.975000	216
133.975000	307
133.975000	471
134.000000	121
134.025000	452
134.050000	19
134.050000	164
134.050000	264
134.100000	255
134.125000	323
134.175000	174
134.175000	399
134.175000	492
134.225000	453
134.250000	489
134.375000	83
134.375000	129
134.400000	58
134.400000	206
134.400000	240
134.400000	337
134.425000	123
134.500000	117
134.525000	350
134.575000	298
134.600000	326
134.650000	71
134.650000	90
134.650000	152
134.650000	421
134.675000	38
134.675000	290
134.675000	301
134.675000	425
134.750000	215
134.750000	415
134.800000	185
134.800000	371
134.800000	394
134.850000	41
134.875000	200
134.900000	243
134.950000	201
134.975000	27
135.000000	232
135.000000	313
135.000000	411
135.000000	464
135.025000	124
135.050000	309
135.075000	281
135.075000	320
135.125000	239
135.150000	439
135.200000	363
135.200000	432
135.325000	197
135.325000	199
135.350000	234
135.425000	159
135.425000	279
135.425000	295
135.450000	286
135.450000	322
135.450000	424
135.450000	503
135.475000	500
135.500000	74
135.525000	378
135.625000	150
135.625000	208
135.675000	361
135.725000	312
135.725000	397
135.825000	325
135.875000	155
135.875000	310
135.925000	108
135.950000	417
135.950000	446
135.975000	77
135.975000	246
135.975000	253
136.000000	0
136.075000	97
136.075000	331
136.150000	195
136.200000	334
136.275000	98
136.300000	380
136.300000	467
136.350000	268
136.350000	475
136.375000	273
136.400000	46
136.400000	272
136.400000	318
136.425000	139
136.475000	225
136.475000	356
136.500000	39
136.500000	143
136.500000	182
136.525000	276
136.600000	484
136.650000	96
136.675000	354
136.725000	406
136.800000	336
136.825000	414
136.875000	458
136.900000	10
136.950000	29
136.950000	156
136.950000	248
136.950000	483
137.000000	403
137.025000	101
137.025000	494
137.050000	442
137.075000	229
137.125000	236
137.150000	481
137.200000	367
137.225000	154
137.250000	480
137.275000	187
137.300000	170
137.325000	230
137.350000	448
137.350000	455
137.375000	95
137.400000	11
137.400000	465
137.400000	473
137.425000	54
137.475000	330
137.500000	172
137.525000	454
137.575000	18
137.575000	37
137.575000	259
137.600000	45
137.600000	104
137.700000	79
137.700000	405
137.725000	262
137.750000	132
137.750000	176
137.750000	244
137.750000	314
137.775000	463
137.800000	341
137.825000	192
137.825000	329
137.875000	328
137.900000	245
137.900000	372
137.925000	115
137.925000	173
137.925000	190
137.950000	82
137.950000	316
138.000000	266
138.000000	284
138.000000	289
138.000000	304
138.000000	487
138.075000	436
138.150000	213
138.150000	249
138.150000	302
138.150000	358
138.150000	395
138.175000	105
138.175000	355
138.225000	384
138.275000	120
138.300000	75
138.300000	148
138.300000	306
138.325000	376
138.375000	260
138.400000	282
138.425000	64
138.450000	353
138.475000	344
138.475000	374
138.575000	184
138.575000	408
138.600000	368
138.625000	207
138.650000	470
138.675000	8
138.675000	482
138.700000	188
138.750000	106
138.775000	283
138.800000	242
138.850000	256
138.850000	352
138.875000	133
138.875000	296
138.900000	161
138.925000	28
138.975000	300
138.975000	445
139.000000	364
139.025000	402
139.075000	389
139.100000	348
139.150000	392
139.175000	209
139.225000	441
139.250000	223
139.250000	500
139.325000	503
139.350000	235
139.400000	383
139.425000	144
139.425000	211
139.425000	270
139.425000	278
139.450000	109
139.450000	238
139.475000	158
139.500000	303
139.500000	437
139.525000	258
139.550000	220
139.550000	469
139.600000	321
139.600000	388
139.625000	92
139.625000	118
139.675000	474
139.700000	149
139.725000	333
139.750000	153
139.750000	423
139.775000	162
139.800000	391
139.825000	293
139.875000	332
139.875000	447
139.900000	294
139.975000	261
139.975000	491
140.050000	59
140.075000	180
140.100000	287
140.100000	387
140.125000	93
140.125000	138
140.150000	308
140.175000	438
140.175000	457
140.225000	315
140.225000	444
140.250000	426
140.275000	165
140.325000	351
140.325000	375
140.425000	263
140.475000	69
140.475000	166
140.475000	231
140.475000	343
140.575000	468
140.600000	21
140.625000	317
140.650000	346
140.700000	251
140.700000	449
140.775000	141
140.775000	319
140.800000	87
140.800000	99
140.800000	205
140.825000	131
140.900000	142
140.900000	357
140.950000	214
140.950000	275
140.950000	382
140.975000	409
141.025000	369
141.050000	466
141.100000	179
141.100000	476
141.125000	257
141.150000	265
141.225000	271
141.300000	135
141.350000	427
141.400000	151
141.450000	210
141.500000	4
141.500000	137
141.500000	288
141.525000	327
141.550000	227
141.575000	407
141.575000	479
141.600000	297
141.625000	226
141.650000	160
141.675000	340
141.700000	76
141.700000	203
141.725000	299
141.750000	80
141.825000	167
141.850000	401
141.875000	277
141.900000	62
141.975000	335
142.000000	416
142.050000	252
142.050000	400
142.075000	212
142.125000	125
142.250000	461
142.275000	485
142.325000	365
142.350000	418
142.400000	91
142.400000	193
142.425000	345
142.500000	254
142.525000	191
142.600000	57
142.650000	147
142.650000	171
142.650000	204
142.700000	186
142.725000	338
142.750000	111
142.775000	85
142.825000	35
142.850000	228
142.875000	189
142.875000	222
142.975000	114
142.975000	349
143.000000	52
143.000000	412
143.125000	419
143.150000	119
143.175000	443
143.200000	218
143.200000	324
143.200000	360
143.225000	359
143.225000	381
143.375000	311
143.450000	503
143.500000	390
143.525000	233
143.525000	451
143.600000	181
143.600000	431
143.600000	472
143.650000	128
143.650000	429
143.675000	3
143.675000	500
143.700000	264
143.700000	413
143.750000	47
143.775000	281
143.775000	309
143.825000	269
143.875000	123
143.875000	420
143.875000	425
143.975000	36
143.975000	250
143.975000	326
144.025000	422
144.075000	267
144.100000	5
144.100000	320
144.100000	337
144.150000	32
144.150000	164
144.150000	362
144.175000	313
144.225000	216
144.250000	20
144.300000	73
144.375000	44
144.400000	301
144.475000	175
144.475000	247
144.500000	255
144.500000	430
144.550000	13
144.550000	130
144.550000	239
144.575000	432
144.600000	350
144.600000	453
144.625000	81
144.675000	292
144.700000	110
144.725000	370
144.750000	206
144.750000	366
144.850000	268
144.875000	6
144.950000	234
144.950000	428
144.975000	295
145.000000	322
145.000000	393
145.050000	122
145.075000	100
145.100000	198
145.100000	285
145.150000	217
145.175000	9
145.175000	471
145.300000	23
145.400000	65
145.425000	157
145.475000	286
145.525000	116
145.550000	121
145.550000	354
145.550000	394
145.600000	159
145.600000	241
145.650000	434
145.725000	248
145.725000	386
145.775000	94
145.775000	356
145.875000	152
145.900000	107
145.950000	377
145.950000	460
146.000000	195
146.025000	150
146.125000	406
146.150000	492
146.250000	498
146.275000	415
146.325000	371
146.350000	143
146.375000	397
146.425000	200
146.475000	202
146.475000	410
146.500000	266
146.525000	272
146.600000	446
146.625000	178
146.700000	404
146.725000	139
146.725000	290
146.725000	464
146.750000	225
146.800000	310
146.825000	134
146.850000	127
146.850000	259
146.875000	276
146.875000	458
146.900000	318
146.925000	140
146.925000	172
146.950000	50
146.950000	177
146.950000	325
146.950000	334
146.975000	339
146.975000	378
147.000000	312
147.050000	113
147.050000	486
147.100000	249
147.125000	454
147.150000	496
147.200000	500
147.225000	253
147.225000	279
147.275000	304
147.325000	316
147.400000	274
147.475000	145
147.575000	33
147.575000	182
147.625000	355
147.625000	372
147.650000	411
147.700000	284
147.750000	25
147.750000	163
147.775000	442
147.800000	260
147.850000	478
147.900000	282
147.925000	398
147.950000	306
147.950000	323
147.975000	347
148.000000	174
148.000000	273
148.000000	302
148.025000	480
148.050000	358
148.075000	298
148.100000	19
148.100000	232
148.100000	240
148.225000	256
148.225000	455
148.250000	452
148.275000	363
148.275000	405
148.325000	399
148.350000	331
148.425000	342
148.425000	459
148.450000	503
148.475000	236
148.500000	129
148.500000	183
148.500000	344
148.500000	487
148.525000	237
148.525000	368
148.525000	433
148.650000	308
148.675000	83
148.700000	158
148.750000	170
148.750000	300
148.800000	361
148.825000	374
148.825000	380
148.875000	291
149.000000	483
149.025000	26
149.025000	435
149.075000	213
149.100000	97
149.100000	317
149.150000	96
149.175000	48
149.225000	352
149.250000	223
149.250000	367
149.275000	341
149.275000	467
149.325000	477
149.375000	155
149.425000	330
149.475000	55
149.525000	192
149.525000	201
149.525000	414
149.550000	495
149.575000	246
149.600000	289
149.675000	357
149.725000	67
149.725000	197
149.800000	117
149.800000	321
149.850000	132
149.875000	231
149.925000	303
149.950000	66
149.975000	154
150.000000	115
150.000000	385
150.025000	353
150.050000	103
150.050000	288
150.050000	440
150.075000	280
150.150000	40
150.225000	162
150.275000	287
150.300000	185
150.300000	448
150.350000	395
150.375000	235
150.375000	332
150.450000	439
150.500000	423
150.550000	156
150.575000	199
150.675000	10
150.675000	315
150.750000	187
150.750000	278
150.800000	148
150.825000	165
150.875000	328
150.975000	173
150.975000	351
151.025000	319
151.050000	484
151.050000	489
151.075000	409
151.150000	305
151.150000	456
151.175000	463
151.225000	488
151.250000	343
151.300000	375
151.300000	473
151.325000	261
151.375000	138
151.425000	382
151.450000	79
151.450000	401
151.475000	226
151.500000	364
151.575000	125
151.575000	184
151.675000	229
151.725000	437
151.775000	417
151.775000	421
151.825000	15
151.825000	188
151.825000	220
151.875000	348
151.925000	142
151.925000	277
151.950000	101
151.950000	210
152.000000	384
152.025000	168
152.050000	396
152.075000	211
152.150000	224
152.175000	346
152.200000	136
152.200000	215
152.225000	219
152.275000	389
152.325000	408
152.350000	336
152.400000	133
152.500000	179
152.500000	283
152.500000	481
152.525000	243
152.525000	262
152.525000	470
152.550000	309
152.600000	166
152.700000	131
152.700000	271
152.700000	500
152.750000	329
152.775000	153
152.800000	297
152.825000	109
152.850000	102
152.850000	265
152.900000	27
152.950000	49
152.975000	151
152.975000	345
153.075000	203
153.100000	407
153.150000	475
153.200000	270
153.225000	135
153.225000	320
153.225000	387
153.250000	244
153.250000	258
153.275000	16
153.275000	204
153.300000	1
153.300000	264
153.300000	503
153.325000	327
153.325000	391
153.400000	108
153.400000	167
153.475000	191
153.500000	21
153.500000	268
153.575000	144
153.575000	445
153.600000	222
153.625000	293
153.625000	376
153.675000	254
153.700000	426
153.725000	449
153.750000	161
153.800000	252
153.800000	340
153.825000	160
153.850000	212
153.975000	105
154.000000	313
154.075000	326
154.075000	490
154.200000	281
154.325000	424
154.375000	227
154.400000	400
154.450000	438
154.475000	369
154.475000	431
154.550000	245
154.575000	373
154.650000	299
154.650000	350
154.750000	275
154.775000	333
154.800000	196
154.800000	365
154.850000	124
154.975000	301
154.975000	337
154.975000	425
155.000000	390
155.025000	324
155.025000	468
155.050000	362
155.050000	381
155.100000	214
155.200000	383
155.250000	403
155.425000	354
155.500000	450
155.500000	457
155.525000	338
155.550000	88
155.625000	444
155.675000	360
155.725000	189
155.750000	239
155.750000	412
155.775000	98
155.775000	451
155.800000	314
155.800000	447
155.825000	307
155.825000	474
155.850000	150
155.975000	266
155.975000	370
156.025000	209
156.100000	82
156.100000	255
156.100000	294
156.100000	295
156.175000	238
156.200000	123
156.200000	418
156.225000	432
156.375000	359
156.375000	402
156.400000	316
156.400000	322
156.500000	159
156.500000	406
156.525000	304
156.575000	216
156.650000	186
156.675000	207
156.825000	149
156.825000	164
156.900000	143
156.950000	251
156.950000	397
156.950000	441
156.975000	469
157.000000	356
157.025000	335
157.050000	3
157.125000	355
157.125000	372
157.150000	248
157.175000	182
157.300000	453
157.325000	430
157.400000	122
157.400000	234
157.475000	172
157.475000	205
157.500000	308
157.500000	503
157.625000	482
157.650000	415
157.675000	249
157.700000	371
157.775000	260
157.775000	306
157.800000	120
157.800000	282
157.825000	334
157.950000	302
157.975000	349
157.975000	446
158.025000	242
158.025000	276
158.125000	152
158.125000	461
158.175000	259
158.275000	206
158.325000	256
158.350000	119
158.350000	230
158.350000	267
158.400000	37
158.400000	318
158.425000	116
158.475000	317
158.550000	200
158.550000	386
158.600000	225
158.600000	272
158.625000	228
158.650000	310
158.650000	393
158.650000	500
158.700000	218
158.725000	195
158.725000	454
158.750000	137
158.750000	487
158.800000	158
158.900000	284
158.975000	377
159.050000	231
159.100000	127
159.250000	292
159.275000	286
159.300000	175
159.400000	180
159.475000	121
159.500000	358
159.500000	410
159.550000	357
159.550000	458
159.575000	394
159.600000	170
159.750000	374
159.825000	141
159.825000	405
159.925000	312
159.950000	300
159.950000	466
159.975000	104
160.000000	331
160.025000	344
160.050000	241
160.100000	247
160.100000	368
160.150000	263
160.150000	465
160.175000	429
160.200000	321
160.250000	178
160.250000	193
160.300000	139
160.325000	287
160.375000	288
160.375000	378
160.475000	157
160.475000	278
160.600000	341
160.625000	111
160.625000	177
160.725000	423
160.750000	5
160.750000	434
160.775000	332
160.800000	285
160.825000	325
160.825000	409
160.975000	339
161.050000	223
161.050000	250
161.100000	233
161.100000	235
161.125000	315
161.175000	352
161.275000	427
161.300000	279
161.325000	232
161.325000	319
161.400000	367
161.450000	290
161.500000	77
161.650000	503
161.700000	353
161.725000	416
161.850000	236
161.850000	323
161.900000	442
161.925000	343
161.975000	401
162.075000	268
162.150000	411
162.200000	253
162.200000	330
162.275000	226
162.275000	419
162.300000	138
162.300000	273
162.300000	464
162.450000	210
162.500000	213
162.675000	162
162.725000	480
162.800000	309
162.825000	277
162.900000	380
162.925000	257
162.950000	471
162.975000	392
163.025000	320
163.075000	483
163.100000	414
163.125000	217
163.200000	174
163.200000	460
163.475000	404
163.525000	472
163.550000	204
163.575000	375
163.650000	455
163.675000	289
163.875000	303
163.900000	237
164.025000	201
164.050000	165
164.175000	181
164.175000	261
164.200000	208
164.275000	125
164.350000	197
164.400000	179
164.400000	211
164.400000	382
164.500000	274
164.525000	351
164.575000	156
164.575000	443
164.625000	328
164.750000	212
164.775000	313
164.775000	413
164.825000	153
164.850000	173
164.850000	326
164.900000	264
164.925000	128
164.925000	364
164.950000	348
164.950000	422
164.975000	155
165.050000	240
165.075000	311
165.075000	345
165.175000	463
165.200000	167
165.200000	220
165.200000	500
165.225000	202
165.225000	281
165.300000	191
165.350000	298
165.375000	129
165.425000	425
165.425000	467
165.500000	184
165.550000	107
165.550000	265
165.600000	271
165.650000	346
165.700000	187
165.875000	316
165.875000	399
166.025000	354
166.050000	395
166.100000	491
166.150000	503
166.175000	361
166.250000	324
166.250000	327
166.375000	308
166.450000	87
166.450000	486
166.500000	203
166.575000	476
166.625000	437
166.675000	252
166.700000	355
166.775000	452
166.850000	269
166.900000	426
166.975000	254
167.050000	192
167.125000	302
167.125000	337
167.225000	270
167.325000	131
167.325000	301
167.425000	266
167.525000	256
167.575000	297
167.650000	369
167.700000	148
167.800000	249
167.925000	282
168.025000	342
168.075000	363
168.150000	406
168.225000	227
168.250000	246
168.250000	262
168.450000	384
168.475000	317
168.525000	115
168.525000	198
168.525000	492
168.600000	338
168.600000	350
168.625000	432
168.700000	166
168.700000	259
168.750000	372
168.800000	356
168.800000	360
168.850000	283
168.875000	260
168.900000	357
168.925000	365
168.950000	150
169.000000	154
169.050000	161
169.050000	433
169.125000	295
169.250000	340
169.300000	225
169.325000	388
169.350000	306
169.350000	418
169.375000	304
169.475000	159
169.525000	381
169.625000	255
169.750000	366
169.775000	293
169.775000	397
169.900000	387
169.925000	296
169.950000	439
170.000000	430
170.025000	362
170.150000	222
170.175000	400
170.250000	143
170.275000	408
170.375000	276
170.400000	291
170.550000	288
170.575000	272
170.625000	407
170.725000	142
170.875000	299
170.900000	318
170.925000	245
171.100000	239
171.300000	132
171.400000	305
171.500000	189
171.500000	500
171.550000	223
171.600000	322
171.675000	321
171.775000	195
171.800000	206
171.850000	284
171.875000	374
171.900000	503
171.950000	235
172.000000	390
172.025000	231
172.050000	275
172.100000	248
172.100000	268
172.200000	370
172.275000	238
172.350000	449
172.425000	319
172.475000	234
172.500000	278
172.500000	344
172.525000	312
172.550000	287
172.600000	258
172.600000	310
172.600000	329
172.750000	216
172.775000	481
172.875000	454
172.900000	389
172.925000	334
172.950000	368
173.100000	300
173.125000	448
173.150000	244
173.225000	135
173.250000	151
173.400000	145
173.425000	332
173.450000	221
173.625000	358
173.650000	410
173.750000	309
173.925000	290
174.100000	359
174.350000	394
174.375000	444
174.400000	199
174.425000	144
174.450000	343
174.700000	251
174.800000	331
174.825000	158
174.950000	320
175.075000	226
175.075000	277
175.100000	229
175.200000	401
175.225000	273
175.250000	313
175.550000	375
175.625000	186
175.775000	315
175.850000	423
175.900000	286
175.900000	385
175.925000	281
175.950000	243
176.000000	279
176.100000	147
176.100000	503
176.150000	325
176.225000	335
176.325000	352
176.425000	308
176.450000	409
176.500000	172
176.550000	267
176.550000	377
176.575000	353
176.700000	391
177.000000	333
177.075000	367
177.150000	316
177.225000	355
177.400000	302
177.575000	264
177.750000	261
177.800000	326
177.950000	345
178.425000	164
178.450000	191
178.500000	328
178.600000	282
178.725000	285
179.000000	317
179.100000	351
179.225000	260
179.275000	213
179.300000	266
179.325000	271
179.425000	371
179.500000	406
179.550000	378
179.600000	247
179.625000	330
179.725000	188
179.725000	357
179.750000	348
179.800000	228
179.825000	256
179.975000	236
180.025000	354
180.075000	349
180.475000	425
180.750000	178
180.850000	327
181.000000	294
181.175000	259
181.300000	292
181.325000	249
181.375000	393
181.450000	364
181.850000	301
181.925000	306
182.125000	276
182.175000	297
182.300000	341
182.450000	253
182.625000	232
182.650000	346
182.775000	288
182.950000	336
182.950000	415
183.125000	138
183.175000	304
183.325000	500
183.625000	503
183.800000	287
183.850000	210
183.925000	360
184.000000	337
184.050000	204
184.200000	303
184.300000	350
184.375000	268
184.725000	372
185.025000	501
185.525000	254
186.200000	332
186.450000	289
186.675000	324
186.750000	278
186.900000	322
187.175000	252
187.550000	203
187.550000	309
187.775000	308
187.950000	318
188.000000	505
188.675000	170
188.900000	295
189.100000	319
189.175000	298
190.100000	320
190.350000	374
190.925000	502
191.200000	504
191.475000	382
192.325000	302
192.950000	321
192.950000	503
193.150000	358
193.575000	299
194.425000	355
216.075000	502
229.350000	500
229.775000	505
234.950000	501
236.200000	504
239.875000	503
265.025000	502
274.775000	505
275.750000	500
286.125000	504
286.725000	501
291.925000	503
