12.775000	500
12.775000	501
13.625000	0
13.625000	1
13.625000	2
13.625000	3
13.625000	4
13.625000	5
13.625000	6
13.625000	7
13.625000	8
13.625000	9
13.625000	10
13.625000	11
13.625000	12
13.625000	13
13.625000	14
13.625000	15
13.625000	16
13.625000	17
13.625000	18
13.625000	19
13.625000	20
13.625000	21
13.625000	22
13.625000	23
13.625000	24
13.625000	25
13.625000	26
13.625000	27
13.625000	28
13.625000	29
13.625000	30
13.625000	31
13.625000	32
13.625000	33
13.625000	34
13.625000	35
13.625000	36
13.625000	37
13.625000	38
13.625000	39
13.625000	40
13.625000	41
13.625000	42
13.625000	43
13.625000	44
13.625000	45
13.625000	46
13.625000	47
13.625000	48
13.625000	49
13.625000	50
13.625000	51
13.625000	52
13.625000	53
13.625000	54
13.625000	55
13.625000	56
13.625000	57
13.625000	58
13.625000	59
13.625000	60
13.625000	61
13.625000	62
13.625000	63
13.625000	64
13.625000	65
13.625000	66
13.625000	67
13.625000	68
13.625000	69
13.625000	70
13.625000	71
13.625000	72
13.625000	73
13.625000	74
13.625000	75
13.625000	76
13.625000	77
13.625000	78
13.625000	79
13.625000	80
13.625000	81
13.625000	82
13.625000	83
13.625000	84
13.625000	85
13.625000	86
13.625000	87
13.625000	88
13.625000	89
13.625000	90
13.625000	91
13.625000	92
13.625000	93
13.625000	94
13.625000	95
13.625000	96
13.625000	97
13.625000	98
13.625000	99
13.625000	100
15.075000	505
15.800000	500
15.800000	501
16.025000	502
16.400000	521
16.425000	523
16.525000	522
16.550000	526
16.700000	525
18.425000	492
18.750000	101
19.775000	113
20.900000	114
21.350000	495
21.500000	47
21.650000	103
21.850000	109
22.325000	28
23.700000	64
23.900000	50
23.925000	46
24.100000	33
24.325000	48
24.500000	59
24.675000	45
24.725000	41
24.775000	43
25.025000	39
25.100000	54
25.125000	501
25.250000	508
25.350000	35
25.425000	105
25.600000	20
25.625000	500
25.750000	76
25.775000	23
25.825000	32
25.875000	44
26.125000	42
26.250000	66
26.250000	94
26.350000	38
26.575000	62
26.600000	87
26.700000	40
26.800000	18
27.050000	72
27.075000	49
27.225000	91
27.225000	506
27.250000	57
27.275000	5
27.300000	69
27.350000	98
27.575000	25
27.575000	88
27.575000	493
27.600000	3
27.650000	16
27.650000	71
27.675000	37
27.825000	115
27.850000	61
27.950000	27
28.325000	104
28.400000	505
28.425000	84
28.475000	10
28.575000	67
28.650000	82
28.725000	15
29.000000	58
29.050000	24
29.050000	56
29.100000	11
29.150000	9
29.550000	83
29.700000	133
29.750000	8
29.950000	501
30.175000	74
30.275000	13
30.500000	31
30.500000	77
30.775000	2
30.775000	19
30.825000	86
30.825000	106
30.900000	75
30.925000	4
30.975000	63
31.000000	55
31.000000	90
31.050000	34
31.100000	80
31.125000	51
31.150000	81
31.175000	494
31.250000	60
31.275000	36
31.625000	498
31.775000	79
31.800000	499
31.875000	65
31.950000	28
31.975000	29
32.175000	47
32.325000	52
32.500000	96
32.625000	92
32.650000	26
32.675000	123
32.750000	85
32.950000	17
32.950000	500
33.000000	110
33.300000	482
33.375000	97
33.500000	21
33.525000	101
33.550000	492
33.700000	119
33.775000	507
33.875000	95
34.225000	521
34.300000	78
34.300000	484
34.350000	46
34.375000	526
34.400000	33
34.400000	48
34.500000	70
34.525000	464
34.700000	100
34.775000	522
34.825000	30
34.850000	45
34.975000	523
35.025000	64
35.075000	22
35.075000	68
35.125000	43
35.200000	505
35.275000	139
35.375000	121
35.400000	50
35.400000	495
35.550000	7
35.825000	476
35.900000	483
36.025000	59
36.100000	470
36.475000	122
36.525000	502
36.600000	501
36.625000	73
36.750000	497
36.775000	32
36.775000	41
36.900000	113
36.975000	62
37.025000	12
37.050000	94
37.075000	478
37.150000	38
37.150000	466
37.300000	114
37.300000	488
37.350000	42
37.500000	525
37.650000	107
37.725000	108
37.725000	120
37.800000	6
37.875000	39
37.975000	20
38.025000	35
38.100000	76
38.150000	54
38.175000	23
38.250000	109
38.350000	500
38.400000	44
38.850000	71
38.850000	468
39.125000	93
39.175000	103
39.175000	491
39.375000	116
39.525000	87
39.525000	125
39.850000	83
40.000000	99
40.025000	460
40.050000	49
40.125000	16
40.200000	504
40.225000	1
40.225000	137
40.300000	72
40.550000	469
40.675000	40
40.725000	10
40.900000	66
41.025000	129
41.050000	467
41.100000	5
41.225000	15
41.450000	128
41.500000	57
41.600000	111
41.600000	473
41.650000	37
41.675000	61
41.675000	115
41.675000	480
42.100000	486
42.175000	18
42.300000	82
42.425000	474
42.625000	505
42.675000	25
42.675000	88
42.800000	27
42.825000	490
42.875000	487
42.925000	501
43.025000	69
43.100000	47
43.100000	98
43.125000	4
43.300000	9
43.350000	493
43.425000	131
43.500000	14
43.525000	149
43.725000	458
43.825000	13
43.875000	19
43.900000	91
43.900000	524
44.200000	3
44.300000	498
44.400000	28
44.475000	75
44.575000	77
44.600000	105
44.700000	496
44.850000	104
44.875000	58
45.000000	489
45.025000	11
45.325000	472
45.750000	67
45.925000	84
45.925000	500
46.200000	48
46.325000	8
46.375000	455
46.400000	96
46.575000	46
46.575000	124
46.650000	97
46.725000	449
46.925000	52
47.000000	481
47.050000	140
47.075000	521
47.150000	526
47.275000	60
47.725000	79
47.725000	492
47.725000	522
48.050000	117
48.200000	2
48.450000	471
48.475000	21
48.475000	74
48.500000	101
48.525000	33
48.550000	56
48.600000	36
48.600000	126
48.650000	465
48.700000	80
49.050000	123
49.050000	499
49.150000	132
49.425000	457
49.600000	106
49.625000	0
49.675000	63
49.725000	26
49.775000	64
49.800000	144
49.925000	59
49.975000	29
50.050000	505
50.100000	55
50.125000	452
50.250000	94
50.375000	139
50.550000	501
50.600000	470
50.675000	475
50.775000	508
50.800000	51
50.800000	502
50.825000	464
50.950000	23
50.975000	133
51.100000	495
51.250000	95
51.275000	484
51.450000	17
51.450000	500
51.500000	90
51.650000	31
51.725000	488
51.750000	85
51.775000	16
51.800000	461
51.825000	483
51.900000	39
51.950000	100
52.225000	138
52.275000	453
52.450000	112
52.525000	523
52.575000	107
52.625000	81
52.850000	45
53.125000	38
53.450000	119
53.625000	482
53.650000	135
53.850000	165
53.875000	109
53.925000	35
54.075000	50
54.275000	463
54.325000	459
54.375000	491
54.400000	130
54.525000	62
54.525000	466
54.625000	5
55.075000	87
55.175000	121
55.200000	504
55.300000	160
55.450000	92
55.550000	43
55.550000	438
55.650000	65
55.650000	89
55.750000	122
55.900000	141
56.050000	88
56.100000	469
56.200000	479
56.250000	83
56.375000	108
56.400000	125
56.425000	506
56.450000	42
56.650000	114
56.750000	20
56.875000	137
56.900000	448
57.375000	473
57.475000	525
57.500000	148
57.550000	468
57.550000	478
57.650000	477
57.675000	10
58.075000	86
58.100000	142
58.100000	497
58.150000	11
58.150000	32
58.250000	68
58.275000	458
58.300000	502
58.350000	113
58.425000	76
58.450000	1
58.500000	96
58.525000	28
58.625000	47
58.775000	500
58.850000	505
58.875000	474
58.975000	164
59.075000	120
59.175000	57
59.175000	127
59.175000	467
59.225000	460
59.300000	486
59.350000	115
59.400000	12
59.450000	116
59.475000	9
59.500000	49
59.500000	498
59.500000	501
60.000000	37
60.000000	444
60.025000	24
60.025000	118
60.150000	18
60.300000	150
60.325000	3
60.375000	158
60.400000	487
60.425000	111
60.450000	4
60.525000	521
60.800000	445
61.375000	75
61.525000	44
61.550000	480
61.575000	15
61.875000	526
61.900000	522
62.200000	128
62.225000	129
62.400000	110
62.450000	131
62.475000	476
62.500000	492
62.625000	98
62.750000	54
62.875000	72
63.025000	13
63.050000	484
63.075000	432
63.150000	104
63.200000	496
63.275000	134
63.525000	41
63.775000	433
63.825000	33
63.850000	426
64.250000	82
64.275000	40
64.300000	481
64.600000	490
64.675000	6
64.675000	48
64.700000	123
64.725000	159
64.800000	61
64.875000	19
65.075000	66
65.075000	464
65.075000	489
65.150000	471
65.200000	152
65.200000	500
65.350000	524
65.400000	455
65.500000	78
65.675000	442
65.700000	132
65.725000	99
65.725000	449
65.825000	124
65.950000	23
66.075000	505
66.100000	472
66.400000	454
66.425000	103
66.600000	447
66.625000	46
66.650000	25
66.675000	58
66.725000	107
66.725000	162
67.025000	27
67.175000	504
67.225000	77
67.375000	501
67.475000	139
67.575000	21
67.950000	101
68.000000	105
68.000000	117
68.075000	151
68.500000	470
68.575000	50
68.575000	149
68.875000	485
69.000000	135
69.125000	440
69.350000	457
69.575000	26
69.900000	483
69.950000	452
69.975000	495
70.075000	91
70.150000	488
70.200000	16
70.250000	473
70.600000	94
70.825000	84
70.950000	45
71.075000	125
71.425000	453
71.550000	39
71.650000	499
71.775000	475
71.800000	155
71.925000	5
71.975000	138
72.075000	461
72.175000	2
72.300000	140
72.575000	97
72.575000	466
72.775000	102
73.000000	160
73.275000	87
73.350000	173
73.350000	494
73.475000	126
73.575000	119
73.750000	500
73.850000	170
73.850000	459
74.250000	463
74.300000	35
74.500000	441
74.600000	167
74.675000	458
74.725000	487
74.725000	491
74.850000	109
75.025000	439
75.075000	486
75.125000	502
75.150000	59
75.425000	74
75.625000	518
75.725000	469
75.900000	10
76.350000	501
76.475000	3
76.525000	69
76.525000	460
76.550000	148
76.600000	17
76.600000	482
76.625000	145
76.750000	467
76.875000	474
76.925000	28
77.225000	137
77.450000	141
77.725000	504
77.825000	416
77.850000	523
77.975000	144
78.100000	8
78.200000	505
78.250000	438
78.300000	456
78.375000	157
78.725000	52
78.725000	484
78.975000	492
79.100000	479
79.225000	478
79.325000	142
79.575000	471
79.725000	88
79.800000	480
79.825000	95
79.825000	477
80.050000	526
80.375000	165
80.600000	521
80.800000	143
80.900000	150
81.100000	121
81.350000	432
82.025000	9
82.175000	464
82.350000	153
82.475000	164
82.650000	178
82.650000	500
82.800000	449
83.275000	426
83.300000	451
83.375000	448
83.425000	476
83.475000	445
83.625000	158
83.825000	510
84.125000	127
84.475000	481
84.575000	511
85.000000	131
85.150000	187
85.250000	483
85.275000	93
85.400000	489
85.950000	519
85.975000	507
86.125000	122
86.450000	123
86.675000	455
87.400000	473
87.450000	191
87.450000	442
87.475000	508
87.550000	468
88.025000	174
88.200000	496
88.250000	433
88.550000	437
88.875000	412
89.425000	524
89.675000	525
90.125000	509
90.250000	487
90.550000	505
90.650000	159
90.900000	452
91.275000	454
91.625000	504
91.650000	470
91.750000	502
92.175000	116
92.250000	115
92.250000	490
92.300000	457
92.900000	424
92.950000	170
93.475000	444
93.875000	453
93.950000	135
94.375000	163
94.625000	458
95.925000	118
96.075000	138
96.100000	520
96.800000	467
97.675000	485
98.675000	110
99.000000	133
99.475000	434
100.150000	172
100.275000	166
100.950000	179
101.300000	414
101.325000	151
102.625000	423
102.950000	139
103.200000	425
105.100000	408
105.900000	443
106.500000	152
107.400000	167
108.325000	186
109.050000	500
109.875000	451
110.650000	400
