12.200000	500
12.200000	501
13.275000	0
13.275000	1
13.275000	2
13.275000	3
13.275000	4
13.275000	5
13.275000	6
13.275000	7
13.275000	8
13.275000	9
13.275000	10
13.275000	11
13.275000	12
13.275000	13
13.275000	14
13.275000	15
13.275000	16
13.275000	17
13.275000	18
13.275000	19
13.275000	20
13.275000	21
13.275000	22
13.275000	23
13.275000	24
13.275000	25
13.275000	26
13.275000	27
13.275000	28
13.275000	29
13.275000	30
13.275000	31
13.275000	32
13.275000	33
13.275000	34
13.275000	35
13.275000	36
13.275000	37
13.275000	38
13.275000	39
13.275000	40
13.275000	41
13.275000	42
13.275000	43
13.275000	44
13.275000	45
13.275000	46
13.275000	47
13.275000	48
13.275000	49
13.275000	50
13.275000	51
13.275000	52
13.275000	53
13.275000	54
13.275000	55
13.275000	56
13.275000	57
13.275000	58
13.275000	59
13.275000	60
13.275000	61
13.275000	62
13.275000	63
13.275000	64
13.275000	65
13.275000	66
13.275000	67
13.275000	68
13.275000	69
13.275000	70
13.275000	71
13.275000	72
13.275000	73
13.275000	74
13.275000	75
13.275000	76
13.275000	77
13.275000	78
13.275000	79
13.275000	80
13.275000	81
13.275000	82
13.275000	83
13.275000	84
13.275000	85
13.275000	86
13.275000	87
13.275000	88
13.275000	89
13.275000	90
13.275000	91
13.275000	92
13.275000	93
13.275000	94
13.275000	95
13.275000	96
13.275000	97
13.275000	98
13.275000	99
13.275000	100
14.700000	505
15.125000	500
15.150000	501
15.450000	502
15.950000	521
16.000000	523
16.075000	522
16.100000	526
16.225000	525
17.725000	492
17.950000	101
18.750000	113
19.575000	114
19.800000	495
19.950000	103
20.125000	47
20.300000	109
20.575000	28
21.200000	50
21.250000	64
21.475000	46
21.650000	33
21.750000	105
21.775000	39
21.875000	45
21.875000	48
21.900000	43
21.925000	41
22.300000	59
22.350000	32
22.350000	62
22.375000	44
22.450000	71
22.500000	35
22.600000	42
22.600000	493
22.625000	37
22.700000	54
22.775000	10
22.800000	501
22.950000	13
22.975000	20
22.975000	23
23.000000	38
23.025000	94
23.125000	500
23.175000	72
23.200000	16
23.200000	52
23.275000	49
23.350000	66
23.400000	87
23.475000	36
23.475000	499
23.500000	40
23.550000	76
23.625000	25
23.650000	58
23.675000	75
23.675000	104
23.725000	27
23.800000	69
23.850000	57
23.850000	61
23.900000	26
23.925000	21
23.975000	88
23.975000	91
24.025000	5
24.175000	110
24.200000	115
24.225000	18
24.225000	83
24.250000	123
24.275000	24
24.325000	84
24.375000	15
24.400000	74
24.450000	19
24.525000	65
24.525000	77
24.525000	98
24.550000	505
24.675000	82
24.700000	3
24.750000	31
24.750000	60
24.800000	56
24.950000	9
25.025000	11
25.075000	51
25.075000	494
25.200000	67
25.225000	8
25.225000	92
25.400000	63
25.425000	4
25.500000	55
25.525000	106
25.650000	90
25.725000	482
25.825000	96
25.850000	80
25.850000	133
26.150000	2
26.250000	34
26.250000	86
26.275000	488
26.300000	100
26.400000	85
26.400000	95
26.475000	81
26.475000	121
26.500000	29
26.500000	501
26.550000	79
26.575000	97
26.575000	483
26.600000	30
26.800000	498
26.975000	99
27.125000	78
27.175000	17
27.425000	526
27.475000	521
27.525000	68
27.550000	12
27.650000	508
27.700000	47
27.775000	500
27.775000	523
27.800000	478
27.875000	470
27.875000	502
27.900000	28
27.950000	22
27.950000	522
28.025000	466
28.225000	70
28.325000	1
28.375000	101
28.375000	492
28.575000	93
28.600000	119
28.625000	484
28.725000	7
28.775000	497
29.075000	525
29.100000	464
29.150000	476
29.175000	116
29.200000	14
29.200000	73
29.250000	506
29.500000	33
29.550000	487
29.675000	64
29.700000	46
29.750000	50
29.900000	108
30.050000	469
30.050000	495
30.075000	120
30.075000	139
30.175000	107
30.225000	122
30.400000	113
30.450000	43
30.475000	48
30.525000	6
30.575000	45
30.650000	39
30.650000	114
30.700000	486
30.925000	137
31.050000	491
31.075000	504
31.125000	0
31.150000	41
31.150000	505
31.175000	62
31.325000	89
31.325000	125
31.475000	467
31.525000	59
31.575000	32
31.625000	44
31.700000	458
31.725000	35
31.825000	109
31.850000	474
31.950000	71
32.025000	103
32.125000	94
32.250000	53
32.275000	468
32.300000	37
32.350000	10
32.500000	111
32.550000	42
32.550000	480
32.575000	128
32.625000	472
32.625000	500
32.725000	460
33.050000	23
33.050000	54
33.100000	501
33.125000	524
33.250000	38
33.375000	20
33.625000	76
33.625000	473
33.675000	13
33.700000	21
33.825000	87
33.850000	40
33.850000	52
33.875000	72
33.950000	124
33.975000	507
34.025000	129
34.125000	49
34.175000	83
34.175000	475
34.275000	16
34.275000	489
34.475000	140
34.475000	496
34.700000	490
34.725000	5
34.850000	66
34.925000	26
34.975000	15
35.050000	58
35.050000	131
35.175000	465
35.200000	25
35.225000	27
35.325000	75
35.475000	91
35.500000	149
35.500000	471
35.600000	9
35.600000	36
35.600000	88
35.625000	4
35.775000	69
35.800000	115
35.900000	123
35.925000	77
36.000000	138
36.150000	19
36.275000	449
36.300000	18
36.350000	3
36.400000	457
36.475000	47
36.500000	82
36.525000	481
36.550000	28
36.550000	521
36.575000	455
36.625000	96
36.825000	61
36.875000	505
36.950000	24
36.950000	493
36.975000	117
36.975000	526
37.000000	8
37.050000	60
37.175000	104
37.225000	57
37.350000	461
37.400000	105
37.425000	84
37.425000	479
37.575000	501
37.600000	65
37.600000	498
37.750000	500
37.775000	74
37.775000	144
37.900000	11
38.100000	452
38.125000	98
38.150000	97
38.200000	499
38.375000	132
38.400000	51
38.525000	126
38.525000	488
38.600000	56
38.650000	110
38.725000	492
38.775000	483
38.800000	99
38.800000	522
38.850000	106
38.925000	80
38.950000	523
39.000000	67
39.025000	502
39.250000	95
39.250000	101
39.275000	31
39.300000	438
39.375000	50
39.500000	470
39.500000	487
39.550000	112
39.575000	33
39.575000	46
39.600000	133
39.625000	81
39.625000	160
39.650000	55
39.775000	525
39.825000	90
39.850000	2
39.900000	64
39.900000	79
39.950000	484
40.075000	86
40.250000	48
40.250000	63
40.375000	477
40.425000	495
40.525000	130
40.550000	141
40.750000	92
40.775000	29
40.775000	453
40.850000	459
40.850000	482
40.875000	39
40.950000	102
40.975000	100
41.075000	17
41.100000	85
41.125000	119
41.175000	135
41.225000	45
41.300000	448
41.350000	165
41.350000	478
41.425000	41
41.425000	464
41.550000	127
41.575000	43
41.725000	504
41.825000	59
41.825000	463
41.875000	469
41.975000	494
42.075000	94
42.175000	466
42.175000	500
42.350000	116
42.400000	107
42.425000	35
42.425000	458
42.550000	121
42.625000	148
42.650000	485
42.725000	505
42.775000	62
42.875000	68
42.975000	114
42.975000	120
43.000000	486
43.025000	142
43.075000	491
43.175000	32
43.225000	501
43.275000	122
43.325000	497
43.700000	12
43.725000	1
43.775000	71
43.825000	108
43.850000	125
43.875000	139
43.925000	42
43.925000	476
43.975000	113
44.000000	21
44.025000	44
44.050000	137
44.175000	521
44.200000	93
44.350000	109
44.375000	6
44.375000	87
44.375000	103
44.425000	37
44.500000	76
44.500000	445
44.650000	467
44.775000	474
44.850000	10
44.850000	83
44.925000	164
45.025000	91
45.050000	23
45.125000	38
45.225000	433
45.250000	460
45.275000	159
45.275000	468
45.450000	480
45.475000	30
45.475000	118
45.500000	20
45.550000	447
45.600000	89
45.625000	49
45.750000	524
45.800000	128
45.800000	473
45.850000	78
45.875000	52
46.025000	88
46.025000	526
46.050000	5
46.050000	16
46.050000	123
46.175000	502
46.225000	444
46.275000	158
46.300000	28
46.325000	150
46.375000	471
46.400000	442
46.475000	15
46.475000	54
46.675000	111
46.775000	72
46.800000	115
46.900000	124
46.925000	134
47.000000	4
47.025000	489
47.050000	40
47.075000	490
47.150000	73
47.175000	9
47.175000	500
47.375000	96
47.400000	129
47.500000	440
47.550000	47
47.550000	77
47.625000	34
47.625000	75
47.825000	432
47.850000	19
47.900000	131
47.975000	522
48.025000	7
48.100000	449
48.100000	498
48.125000	3
48.150000	13
48.175000	27
48.175000	454
48.275000	505
48.400000	501
48.500000	426
48.550000	481
48.625000	50
48.900000	439
48.900000	472
48.975000	22
49.000000	496
49.100000	25
49.175000	70
49.200000	138
49.225000	523
49.350000	475
49.400000	26
49.475000	487
49.500000	492
49.575000	455
49.600000	151
49.625000	58
49.675000	167
49.750000	140
49.825000	132
49.825000	152
49.875000	14
49.950000	84
50.050000	61
50.075000	46
50.225000	60
50.250000	82
50.275000	33
50.300000	504
50.325000	461
50.350000	64
50.400000	104
50.450000	66
50.575000	97
50.575000	117
50.675000	452
50.750000	149
50.875000	74
50.875000	483
50.900000	162
50.900000	484
51.000000	98
51.025000	525
51.075000	105
51.175000	144
51.175000	488
51.225000	39
51.325000	36
51.425000	441
51.475000	457
51.475000	495
51.625000	110
51.725000	493
51.800000	155
51.925000	99
51.950000	69
51.975000	18
52.075000	173
52.100000	470
52.150000	500
52.225000	8
52.275000	499
52.475000	101
52.550000	458
52.675000	0
52.700000	81
52.800000	453
52.975000	126
53.100000	95
53.200000	521
53.275000	464
53.325000	106
53.400000	57
53.475000	24
53.500000	11
53.550000	451
53.600000	469
53.625000	41
53.625000	94
53.650000	135
53.675000	416
53.725000	45
53.825000	43
53.875000	501
53.900000	465
53.925000	35
53.925000	478
53.975000	456
54.100000	133
54.150000	2
54.300000	80
54.300000	160
54.375000	48
54.400000	125
54.450000	86
54.475000	119
54.575000	505
54.575000	526
54.600000	79
54.625000	59
54.625000	165
54.675000	479
54.725000	32
54.775000	477
54.800000	170
54.800000	466
54.800000	486
54.950000	459
55.025000	154
55.150000	90
55.150000	148
55.175000	120
55.325000	141
55.400000	143
55.450000	168
55.475000	463
55.525000	480
55.550000	145
55.575000	116
55.600000	482
55.700000	112
55.750000	157
55.800000	63
55.800000	502
55.850000	467
55.925000	67
55.975000	56
56.075000	107
56.175000	87
56.250000	424
56.250000	491
56.425000	438
56.525000	448
56.625000	65
56.650000	121
56.700000	178
56.800000	450
56.850000	21
56.850000	55
56.900000	28
56.900000	412
56.900000	500
56.925000	100
56.925000	474
57.000000	10
57.000000	522
57.075000	17
57.175000	29
57.200000	91
57.325000	62
57.325000	139
57.350000	142
57.450000	37
57.600000	31
57.625000	445
57.675000	16
57.675000	473
57.825000	5
57.825000	114
57.825000	504
57.825000	524
57.850000	471
57.900000	123
57.900000	127
58.150000	485
58.200000	109
58.225000	460
58.250000	122
58.275000	150
58.325000	164
58.350000	128
58.425000	501
58.600000	153
58.625000	476
58.700000	437
58.875000	130
58.950000	137
59.075000	468
59.150000	3
59.225000	71
59.225000	124
59.250000	88
59.375000	83
59.400000	481
59.650000	76
59.650000	434
59.700000	9
59.700000	505
59.825000	1
59.925000	108
59.975000	4
60.075000	158
60.100000	113
60.100000	492
60.200000	487
60.475000	85
60.475000	430
60.475000	489
60.625000	186
60.625000	449
60.625000	523
60.675000	20
60.725000	444
60.800000	23
60.925000	96
60.950000	51
60.950000	172
61.050000	12
61.050000	47
61.075000	49
61.075000	187
61.100000	490
61.150000	484
61.200000	442
61.250000	115
61.275000	38
61.275000	111
61.300000	443
61.525000	89
61.650000	102
61.650000	521
61.700000	129
61.750000	483
61.900000	496
61.925000	103
61.950000	50
61.950000	138
61.975000	525
62.000000	191
62.050000	15
62.075000	132
62.075000	159
62.075000	500
62.175000	118
62.225000	6
62.225000	497
62.275000	163
62.350000	518
62.450000	415
62.500000	455
62.525000	498
62.550000	174
62.550000	433
62.600000	19
62.600000	92
62.675000	33
62.675000	526
62.700000	44
62.800000	64
63.000000	156
63.050000	179
63.150000	166
63.175000	175
63.175000	426
63.200000	425
63.300000	458
63.350000	167
63.400000	501
63.475000	52
63.600000	414
63.650000	131
63.700000	447
63.700000	502
63.750000	146
63.800000	151
64.075000	26
64.200000	42
64.225000	149
64.300000	184
64.350000	470
64.450000	125
64.450000	136
64.475000	13
64.525000	77
64.525000	134
64.525000	462
64.650000	152
64.775000	452
64.825000	423
64.825000	505
64.925000	135
64.950000	40
64.975000	480
65.075000	98
65.125000	454
65.200000	54
65.250000	440
65.525000	461
65.600000	495
65.675000	117
65.675000	469
65.800000	411
65.825000	464
65.825000	467
65.850000	446
65.875000	72
65.900000	144
65.900000	488
66.050000	472
66.100000	46
66.100000	75
66.125000	162
66.225000	104
66.225000	408
66.250000	413
66.250000	522
66.350000	133
66.475000	432
66.525000	453
66.600000	457
66.700000	478
66.725000	404
66.825000	165
67.025000	504
67.050000	451
67.200000	27
67.200000	155
67.275000	475
67.300000	140
67.400000	143
67.500000	97
67.500000	459
67.600000	500
67.625000	82
67.725000	441
67.800000	463
67.875000	431
67.875000	524
67.925000	84
67.950000	39
68.000000	161
68.025000	147
68.150000	106
68.175000	160
68.200000	148
68.225000	99
68.425000	510
68.775000	169
68.775000	195
68.800000	68
68.850000	421
68.900000	25
68.900000	87
68.900000	170
68.950000	173
69.000000	473
69.025000	60
69.050000	101
69.050000	471
69.075000	58
69.225000	8
69.425000	11
69.475000	486
69.600000	105
69.700000	439
69.775000	466
69.800000	126
69.825000	206
69.875000	400
70.075000	110
70.150000	5
70.225000	405
70.250000	448
70.250000	501
70.325000	164
70.350000	142
70.350000	519
70.575000	61
70.700000	150
70.725000	120
70.725000	157
70.800000	139
70.825000	3
70.850000	499
70.875000	502
70.950000	449
70.975000	116
70.975000	119
70.975000	178
71.000000	419
71.000000	460
71.000000	503
71.075000	491
71.075000	521
71.125000	123
71.125000	168
71.150000	417
71.150000	427
71.275000	487
71.325000	474
71.325000	526
71.450000	181
71.475000	435
71.525000	456
71.550000	121
71.550000	407
71.575000	18
71.600000	481
71.625000	10
71.650000	196
71.875000	141
72.000000	192
72.025000	107
72.025000	511
72.125000	505
72.275000	154
72.300000	91
72.325000	95
72.400000	438
72.450000	145
72.475000	496
72.550000	492
72.575000	445
72.600000	158
72.600000	500
72.725000	397
72.775000	482
72.825000	127
72.850000	93
72.875000	477
73.000000	200
73.000000	509
73.025000	4
73.025000	74
73.125000	483
73.175000	437
73.200000	128
73.325000	57
73.325000	114
73.375000	45
73.575000	416
73.600000	523
73.675000	109
73.750000	32
73.825000	35
73.875000	455
73.925000	412
73.975000	124
73.975000	525
74.000000	122
74.100000	2
74.250000	138
74.275000	78
74.325000	137
74.425000	504
74.450000	489
74.625000	468
74.750000	444
74.750000	465
74.825000	130
74.900000	129
74.950000	59
74.950000	172
74.975000	436
75.050000	183
75.325000	479
75.425000	458
75.475000	88
75.500000	94
75.525000	409
75.600000	135
75.800000	501
75.800000	520
75.825000	476
75.900000	153
75.950000	484
75.975000	83
76.025000	197
76.050000	424
76.100000	125
76.175000	174
76.200000	426
76.250000	159
76.300000	522
76.475000	470
76.500000	433
76.575000	132
76.575000	210
76.625000	176
76.675000	184
76.825000	96
76.825000	167
77.050000	191
77.075000	69
77.200000	108
77.200000	485
77.225000	151
77.250000	47
77.400000	480
77.425000	446
77.500000	454
77.600000	425
77.775000	179
77.800000	16
77.800000	36
77.825000	442
77.850000	156
77.850000	500
77.950000	469
78.025000	505
78.175000	502
78.200000	443
78.275000	434
78.300000	111
78.350000	524
78.475000	450
78.500000	452
78.525000	100
78.575000	152
78.675000	418
78.725000	430
78.750000	9
78.775000	180
78.800000	165
78.875000	48
78.900000	115
78.950000	402
79.000000	209
79.025000	451
79.075000	166
79.150000	467
79.375000	28
79.400000	79
79.425000	447
79.425000	521
79.550000	457
79.575000	461
79.775000	143
79.850000	134
79.850000	149
79.850000	186
80.050000	201
80.275000	67
80.275000	396
80.350000	133
80.425000	415
80.450000	131
80.525000	423
80.550000	117
80.775000	195
80.800000	175
81.000000	464
81.075000	406
81.075000	420
81.150000	404
81.200000	429
81.300000	475
81.300000	501
81.350000	414
81.425000	441
81.475000	162
81.725000	453
81.825000	148
81.900000	81
81.900000	214
82.075000	187
82.075000	222
82.075000	389
82.075000	504
82.100000	463
82.175000	490
82.250000	161
82.300000	150
82.325000	392
82.375000	185
82.400000	526
82.450000	401
82.625000	155
82.625000	448
82.700000	118
82.700000	144
82.775000	202
82.850000	163
82.925000	160
83.050000	182
83.100000	170
83.150000	103
83.225000	411
83.425000	503
83.475000	473
83.525000	432
83.575000	449
83.750000	1
83.825000	460
83.925000	440
84.050000	478
84.100000	413
84.175000	403
84.175000	500
84.250000	158
84.275000	140
84.325000	431
84.350000	146
84.350000	193
84.350000	369
84.350000	505
84.450000	164
84.450000	408
84.575000	393
84.575000	400
84.600000	471
84.750000	5
84.750000	123
85.000000	459
85.275000	394
85.325000	439
85.325000	502
85.350000	136
85.400000	105
85.425000	405
85.750000	139
85.750000	173
85.875000	211
86.050000	142
86.050000	223
86.100000	154
86.100000	496
86.125000	112
86.150000	445
86.175000	189
86.200000	455
86.325000	399
86.375000	525
86.675000	523
86.725000	192
86.850000	97
86.925000	407
86.975000	487
87.000000	220
87.125000	437
87.300000	157
87.300000	444
87.325000	498
87.450000	178
87.500000	232
87.550000	125
87.550000	147
87.600000	121
87.600000	481
87.650000	102
87.850000	472
87.975000	225
88.000000	104
88.025000	204
88.125000	376
88.175000	172
88.200000	375
88.225000	426
88.325000	524
88.400000	397
88.425000	116
88.575000	167
88.600000	458
88.675000	138
88.725000	177
88.750000	390
88.825000	395
88.825000	501
88.875000	159
88.925000	421
89.000000	492
89.100000	427
89.100000	504
89.125000	419
89.175000	127
89.225000	181
89.225000	360
89.250000	218
89.350000	141
89.350000	425
89.375000	122
89.375000	378
89.450000	153
89.475000	203
89.500000	446
89.800000	151
89.950000	135
90.000000	120
90.075000	416
90.175000	380
90.200000	412
90.200000	521
90.225000	456
90.325000	522
90.550000	145
90.550000	505
90.625000	422
90.700000	213
90.775000	21
91.025000	143
91.025000	235
91.175000	500
91.225000	200
91.225000	503
91.275000	474
91.425000	174
91.725000	210
91.725000	488
91.900000	364
91.950000	184
92.050000	119
92.100000	454
92.125000	132
92.400000	129
92.550000	384
92.650000	409
92.700000	166
92.725000	179
92.725000	368
92.750000	381
92.750000	382
92.750000	417
92.825000	502
92.850000	191
92.875000	188
93.025000	152
93.225000	215
93.425000	183
93.550000	216
93.750000	406
93.775000	109
93.800000	418
93.900000	186
93.900000	199
94.025000	398
94.175000	423
94.275000	352
94.325000	451
94.350000	198
94.475000	168
94.550000	150
94.625000	195
94.700000	402
94.900000	526
94.950000	212
94.975000	156
95.150000	130
95.150000	371
95.350000	501
95.400000	434
95.625000	227
95.650000	228
95.650000	356
95.800000	415
95.800000	430
95.850000	206
95.875000	385
96.050000	208
96.100000	158
96.125000	176
96.225000	504
96.350000	470
96.425000	182
96.675000	175
96.725000	372
96.800000	107
96.850000	161
97.000000	489
97.025000	165
97.125000	414
97.150000	411
97.175000	170
97.375000	404
97.525000	217
97.700000	435
97.800000	187
98.000000	214
98.025000	387
98.050000	202
98.325000	400
98.550000	205
98.575000	160
98.725000	505
98.875000	431
98.950000	185
99.075000	429
99.125000	131
99.550000	163
99.550000	193
99.550000	370
99.550000	374
99.600000	162
99.600000	401
99.650000	180
99.725000	154
99.725000	502
99.800000	358
99.850000	525
100.025000	405
100.100000	144
100.100000	197
100.100000	367
100.250000	207
100.300000	524
100.400000	172
100.550000	164
100.825000	362
100.875000	383
100.975000	503
101.200000	134
101.300000	149
101.325000	231
101.450000	137
101.475000	238
101.525000	523
101.575000	264
102.125000	148
102.275000	204
102.275000	501
102.375000	397
102.475000	192
102.575000	169
102.625000	159
102.725000	443
102.825000	220
102.950000	225
103.175000	392
103.225000	133
103.250000	369
103.250000	393
103.300000	375
103.325000	377
103.350000	177
103.525000	230
103.800000	345
103.825000	153
103.825000	390
103.900000	155
103.975000	521
104.050000	425
104.125000	360
104.150000	408
104.175000	222
104.400000	203
104.450000	210
104.600000	189
104.725000	171
104.750000	178
104.750000	500
104.850000	200
105.250000	142
105.300000	395
105.400000	437
105.525000	209
105.575000	173
105.625000	151
105.650000	391
105.675000	138
105.875000	353
105.900000	211
106.150000	201
106.225000	181
106.375000	359
106.450000	223
106.600000	378
106.625000	234
106.725000	406
106.750000	167
106.850000	195
106.875000	394
106.925000	232
106.925000	365
106.950000	388
107.050000	249
107.100000	235
107.175000	502
107.225000	354
107.225000	382
107.325000	239
107.575000	361
107.650000	410
107.725000	399
107.800000	136
107.825000	376
107.925000	157
107.950000	504
107.975000	505
108.150000	179
108.225000	386
108.250000	190
108.250000	213
108.375000	229
108.475000	403
108.575000	503
108.600000	196
108.725000	384
108.750000	123
108.750000	242
108.750000	366
108.900000	350
109.075000	184
109.200000	407
109.275000	198
109.550000	182
109.675000	368
109.725000	356
109.725000	409
109.825000	199
109.850000	127
109.850000	501
109.900000	191
110.150000	251
110.200000	218
110.375000	418
110.625000	212
110.625000	266
110.925000	389
111.000000	188
111.225000	373
111.275000	150
111.350000	426
111.675000	166
111.825000	524
111.875000	152
111.900000	237
112.100000	227
112.200000	158
112.600000	423
112.625000	193
112.650000	233
112.750000	216
112.775000	422
112.825000	332
112.825000	358
112.875000	381
112.925000	372
112.950000	370
113.000000	346
113.150000	206
113.200000	364
113.350000	344
113.400000	228
113.750000	186
114.000000	401
114.075000	371
114.100000	156
114.250000	374
114.275000	260
114.375000	187
114.400000	202
114.400000	396
114.425000	352
114.425000	387
114.550000	349
114.625000	170
114.775000	172
114.775000	380
114.925000	502
114.950000	525
115.150000	397
115.300000	400
115.400000	430
115.425000	236
115.450000	429
115.475000	226
115.600000	161
115.600000	204
115.625000	252
115.675000	256
115.675000	334
115.725000	225
115.750000	504
115.775000	214
115.875000	357
116.000000	250
116.050000	337
116.100000	264
116.100000	355
116.150000	420
116.150000	503
116.450000	523
116.525000	205
116.675000	174
116.700000	246
116.725000	207
116.825000	505
117.150000	342
117.275000	501
117.325000	210
117.350000	208
117.450000	375
117.550000	431
117.725000	259
117.775000	385
117.925000	367
118.075000	162
118.125000	231
118.175000	522
118.350000	147
118.400000	393
118.525000	180
118.575000	345
118.750000	340
118.850000	432
118.975000	217
119.325000	220
119.400000	248
119.450000	377
119.450000	521
119.475000	230
119.500000	143
119.575000	411
119.625000	382
119.675000	406
119.800000	360
119.975000	254
120.075000	211
120.100000	383
120.200000	195
120.275000	363
120.500000	159
120.525000	235
120.775000	318
120.900000	268
121.000000	192
121.200000	223
121.325000	391
121.350000	405
121.450000	362
121.625000	272
121.750000	234
121.950000	219
122.375000	238
122.425000	390
122.550000	331
122.600000	203
122.675000	281
122.875000	378
122.925000	502
123.025000	353
123.075000	359
123.100000	410
123.250000	503
123.300000	354
123.300000	425
123.450000	328
123.675000	504
123.700000	200
123.700000	253
123.975000	213
124.100000	320
124.100000	524
124.350000	288
124.425000	404
124.475000	212
124.725000	227
124.875000	394
124.925000	398
125.000000	185
125.025000	215
125.225000	262
125.350000	266
125.675000	209
125.750000	221
126.025000	261
126.150000	191
126.175000	350
126.225000	197
126.425000	249
126.625000	277
126.925000	321
127.000000	232
127.050000	372
127.150000	356
127.225000	401
127.550000	222
127.675000	326
127.725000	179
127.725000	189
127.800000	330
127.950000	347
127.950000	370
128.075000	256
128.100000	415
128.125000	193
128.150000	501
128.175000	177
128.225000	374
128.250000	273
128.300000	368
128.400000	275
128.425000	384
128.550000	251
128.625000	239
128.650000	198
128.850000	346
129.000000	302
129.100000	282
129.100000	395
129.400000	376
129.475000	357
129.575000	216
129.950000	386
129.975000	243
130.025000	502
130.125000	387
130.300000	505
130.375000	265
130.525000	218
130.525000	503
130.550000	322
130.575000	504
130.625000	358
130.675000	336
130.750000	308
130.850000	525
130.925000	388
131.125000	389
131.175000	225
131.200000	344
131.300000	214
131.350000	279
131.550000	229
131.550000	355
131.625000	366
131.650000	343
131.800000	228
131.800000	289
131.900000	351
131.925000	327
131.975000	204
132.025000	335
132.525000	199
132.525000	242
132.600000	526
132.650000	268
133.225000	315
133.275000	255
133.350000	364
133.675000	240
133.925000	352
133.950000	278
134.000000	252
134.000000	304
134.100000	523
134.150000	182
134.175000	381
134.275000	245
134.300000	300
134.300000	303
134.700000	325
134.725000	226
134.725000	332
134.875000	233
134.875000	348
134.900000	345
135.000000	309
135.075000	313
135.225000	375
135.250000	237
135.275000	287
135.275000	371
135.325000	188
135.700000	512
135.775000	236
135.900000	319
136.050000	241
136.050000	365
136.175000	301
136.175000	317
136.325000	409
136.450000	260
136.550000	503
136.575000	270
136.650000	284
136.700000	312
136.700000	329
136.925000	276
136.925000	288
136.950000	248
136.975000	380
137.225000	418
137.300000	501
137.350000	340
137.475000	318
137.500000	334
137.525000	504
137.550000	341
137.600000	285
137.600000	369
137.600000	502
137.700000	210
137.700000	295
137.850000	310
137.850000	337
137.975000	524
138.000000	230
138.050000	320
138.250000	354
138.325000	212
138.325000	361
138.350000	324
138.375000	220
138.425000	259
138.625000	231
138.650000	272
138.650000	286
138.700000	264
138.700000	306
138.800000	254
138.925000	213
138.950000	171
138.950000	217
139.000000	360
139.350000	316
139.375000	331
139.525000	338
139.600000	349
139.650000	339
139.675000	253
139.825000	328
139.875000	271
140.050000	235
140.150000	302
140.150000	326
140.350000	250
140.575000	211
140.675000	357
140.775000	350
141.100000	522
141.175000	266
141.250000	362
141.275000	282
141.300000	246
141.350000	258
141.425000	267
141.475000	298
141.525000	308
141.625000	503
141.725000	281
141.750000	377
141.800000	367
142.050000	299
142.075000	517
142.150000	269
142.150000	277
142.150000	525
142.200000	355
142.250000	382
142.275000	249
142.325000	206
142.350000	333
142.400000	290
142.475000	293
142.500000	247
142.525000	374
142.575000	244
142.600000	322
142.600000	346
142.625000	385
142.750000	234
142.775000	297
142.875000	504
142.900000	353
142.975000	273
143.125000	292
143.150000	283
143.150000	359
143.250000	207
143.275000	262
143.450000	321
143.500000	372
143.525000	256
143.550000	342
143.675000	223
143.775000	304
143.900000	265
143.925000	516
143.950000	239
144.000000	323
144.050000	502
144.100000	274
144.100000	343
144.350000	505
144.400000	203
144.425000	351
144.475000	268
144.575000	344
144.600000	227
144.675000	261
144.675000	300
144.675000	410
144.725000	327
145.000000	205
145.050000	278
145.050000	368
145.075000	309
145.100000	330
145.350000	289
145.450000	315
145.625000	287
145.625000	348
145.825000	291
145.850000	526
145.875000	275
145.975000	317
146.000000	523
146.075000	280
146.375000	335
146.400000	313
146.650000	503
146.775000	370
146.875000	260
146.950000	288
147.025000	257
147.100000	276
147.150000	406
147.250000	358
147.300000	224
147.300000	242
147.400000	284
147.400000	311
147.425000	319
147.450000	332
147.500000	240
147.500000	378
147.525000	279
147.675000	252
147.750000	301
147.950000	263
147.950000	373
148.000000	325
148.100000	314
148.100000	383
148.125000	303
148.175000	524
148.250000	251
148.300000	255
148.350000	320
148.475000	312
148.500000	363
148.825000	345
148.950000	226
148.950000	310
148.975000	504
149.025000	243
149.075000	336
149.175000	302
149.200000	316
149.225000	307
149.275000	259
149.400000	502
149.550000	295
149.650000	305
149.750000	248
149.775000	337
149.800000	341
149.850000	296
149.925000	306
149.975000	225
150.025000	318
150.075000	329
150.200000	294
150.250000	286
150.400000	521
150.550000	272
150.625000	324
150.850000	364
150.875000	399
150.900000	254
150.900000	326
150.900000	352
150.925000	236
151.050000	264
151.300000	308
151.400000	282
151.675000	334
151.725000	270
151.750000	354
151.800000	356
151.875000	391
151.900000	357
152.025000	219
152.025000	231
152.025000	501
152.250000	525
152.300000	271
152.300000	522
152.400000	328
152.450000	266
152.475000	285
152.525000	365
152.550000	277
152.600000	281
152.750000	503
152.800000	338
152.825000	350
152.825000	355
153.000000	304
153.025000	241
153.075000	249
153.100000	238
153.125000	233
153.350000	299
153.375000	258
153.525000	293
153.575000	361
153.625000	340
153.675000	331
153.800000	287
153.825000	322
153.850000	366
153.925000	235
154.075000	297
154.125000	283
154.175000	253
154.175000	267
154.225000	394
154.225000	504
154.300000	339
154.450000	375
154.500000	298
154.625000	290
154.900000	309
155.250000	343
155.300000	502
155.350000	256
155.350000	265
155.425000	317
155.450000	229
155.450000	514
155.500000	300
155.500000	321
155.525000	234
155.600000	215
155.625000	209
155.675000	245
155.725000	273
155.750000	349
155.850000	288
155.875000	247
155.900000	377
155.950000	278
156.100000	347
156.125000	268
156.150000	333
156.375000	292
156.400000	315
156.525000	289
156.550000	246
156.725000	323
156.750000	276
156.775000	313
156.775000	372
156.800000	232
156.875000	523
157.075000	274
157.100000	374
157.175000	260
157.250000	261
157.300000	284
157.350000	346
157.550000	351
157.575000	244
157.750000	320
157.825000	344
157.850000	362
157.875000	327
158.000000	524
158.025000	348
158.075000	503
158.100000	237
158.175000	330
158.200000	386
158.250000	332
158.325000	342
158.350000	259
158.425000	316
158.500000	387
158.550000	526
158.625000	384
158.725000	275
158.775000	319
158.975000	302
159.125000	367
159.325000	301
159.475000	505
159.625000	255
159.650000	368
159.700000	239
159.725000	310
159.750000	381
159.825000	504
159.950000	306
159.950000	312
160.250000	279
160.325000	326
160.425000	308
160.450000	353
160.650000	250
160.650000	303
160.750000	502
161.150000	286
161.200000	291
161.225000	325
161.250000	213
161.300000	252
161.300000	282
161.550000	295
161.575000	358
161.775000	341
161.800000	525
161.950000	311
162.100000	410
162.200000	513
162.225000	397
162.275000	314
162.325000	337
162.450000	262
162.625000	223
162.675000	269
162.875000	263
162.900000	370
163.025000	264
163.050000	281
163.075000	287
163.100000	324
163.150000	277
163.150000	357
163.200000	304
163.200000	515
163.325000	272
163.325000	280
163.450000	197
163.475000	318
163.650000	345
163.725000	294
163.825000	335
163.950000	355
164.225000	226
164.275000	270
164.325000	503
164.400000	354
164.625000	222
164.625000	309
164.650000	228
164.700000	329
164.700000	350
164.800000	240
165.000000	317
165.000000	334
165.125000	382
165.225000	248
165.250000	257
165.250000	271
165.375000	305
165.475000	297
165.525000	249
165.600000	266
165.600000	371
165.625000	363
165.700000	299
165.850000	504
165.900000	322
166.050000	307
166.075000	293
166.100000	254
166.175000	288
166.225000	364
166.350000	522
166.575000	389
166.625000	502
166.650000	360
166.675000	278
166.700000	216
166.900000	501
166.950000	313
167.100000	283
167.400000	296
167.475000	256
167.500000	290
167.675000	352
168.225000	298
168.300000	267
168.325000	243
168.325000	258
168.425000	276
168.425000	524
168.450000	359
168.575000	265
168.650000	300
168.700000	336
168.800000	316
168.800000	406
168.825000	285
169.025000	375
169.100000	284
169.175000	320
169.225000	332
169.250000	365
169.300000	343
169.350000	268
169.475000	330
169.600000	306
169.625000	236
169.650000	321
169.700000	523
169.825000	289
169.850000	253
169.950000	315
169.950000	323
170.025000	260
170.100000	331
170.300000	356
170.450000	372
170.550000	310
170.550000	340
170.675000	328
170.950000	351
170.975000	292
171.000000	319
171.125000	282
171.150000	259
171.250000	504
171.300000	247
171.350000	361
171.425000	261
171.425000	503
171.675000	302
171.825000	312
171.825000	338
171.850000	301
172.475000	286
172.600000	525
172.650000	327
172.875000	295
173.025000	273
173.050000	502
173.075000	374
173.175000	304
173.175000	308
173.175000	526
173.275000	339
173.800000	274
173.900000	366
173.975000	333
174.325000	277
174.400000	224
174.425000	317
174.525000	303
174.725000	241
174.725000	346
174.850000	357
174.900000	326
174.925000	287
175.000000	355
175.100000	344
175.200000	505
175.350000	255
175.600000	281
175.625000	377
175.650000	342
175.775000	367
175.875000	309
175.950000	279
175.975000	314
176.075000	251
176.175000	318
176.375000	401
176.450000	294
176.825000	272
176.825000	297
176.900000	362
177.125000	324
177.125000	504
177.250000	348
177.300000	275
177.550000	341
177.775000	325
177.900000	278
178.025000	337
178.175000	334
178.225000	358
178.325000	322
178.325000	503
178.575000	349
178.625000	244
178.825000	288
178.875000	354
179.275000	311
179.800000	235
179.800000	300
179.825000	350
179.825000	502
180.050000	313
180.250000	299
180.625000	245
180.650000	249
180.800000	293
181.025000	320
181.050000	263
181.350000	271
181.825000	316
181.900000	330
182.100000	332
182.150000	264
182.425000	302
182.875000	291
183.025000	265
183.425000	282
183.500000	335
183.775000	308
183.800000	321
183.850000	345
184.125000	284
184.450000	298
184.475000	305
184.800000	295
184.900000	231
185.000000	353
185.150000	319
185.650000	306
186.025000	270
186.475000	503
186.550000	504
186.600000	280
186.725000	351
186.800000	315
186.825000	524
186.875000	310
186.925000	239
186.925000	266
187.000000	276
187.025000	283
187.850000	502
188.350000	260
188.675000	343
189.075000	301
189.100000	287
189.375000	289
189.425000	323
190.150000	317
190.325000	309
190.450000	304
191.475000	290
192.500000	307
192.850000	277
193.300000	303
193.775000	288
194.450000	329
194.975000	327
195.650000	254
198.425000	316
