11.100000	500
11.100000	501
12.750000	3
12.750000	4
12.750000	5
12.750000	14
12.750000	15
12.750000	18
12.750000	25
12.750000	28
12.750000	33
12.750000	35
12.750000	42
12.750000	47
12.750000	48
12.750000	49
12.750000	55
12.750000	67
12.750000	72
12.750000	74
12.750000	86
12.750000	87
12.750000	95
12.775000	0
12.775000	1
12.775000	2
12.775000	6
12.775000	7
12.775000	8
12.775000	9
12.775000	10
12.775000	11
12.775000	12
12.775000	13
12.775000	16
12.775000	17
12.775000	19
12.775000	20
12.775000	21
12.775000	22
12.775000	23
12.775000	24
12.775000	26
12.775000	27
12.775000	29
12.775000	30
12.775000	31
12.775000	32
12.775000	34
12.775000	36
12.775000	37
12.775000	38
12.775000	39
12.775000	40
12.775000	41
12.775000	43
12.775000	44
12.775000	45
12.775000	46
12.775000	50
12.775000	51
12.775000	52
12.775000	53
12.775000	54
12.775000	56
12.775000	59
12.775000	63
12.775000	64
12.775000	66
12.775000	78
12.775000	81
12.775000	82
12.775000	84
12.775000	90
12.775000	91
12.775000	99
12.775000	100
12.825000	57
12.825000	58
12.825000	60
12.825000	61
12.825000	62
12.825000	65
12.825000	68
12.825000	69
12.825000	70
12.825000	71
12.825000	73
12.825000	75
12.825000	76
12.825000	77
12.825000	79
12.825000	80
12.825000	83
12.825000	85
12.825000	88
12.825000	89
12.825000	92
12.825000	93
12.825000	94
12.825000	96
12.825000	97
12.825000	98
14.150000	505
14.325000	500
14.325000	501
14.625000	502
15.325000	521
15.350000	523
15.400000	522
15.425000	526
15.500000	525
16.725000	492
16.875000	101
17.450000	113
17.975000	114
18.075000	495
18.150000	103
18.475000	109
18.650000	47
18.925000	28
19.025000	105
19.250000	50
19.350000	64
19.550000	46
19.600000	493
19.675000	33
19.675000	39
19.825000	43
19.825000	45
19.850000	41
19.875000	48
19.900000	499
20.100000	62
20.100000	110
20.100000	123
20.125000	71
20.125000	104
20.150000	32
20.175000	44
20.225000	10
20.250000	37
20.275000	35
20.300000	42
20.300000	59
20.425000	13
20.450000	94
20.450000	488
20.450000	494
20.475000	54
20.475000	482
20.475000	483
20.525000	23
20.575000	38
20.625000	16
20.625000	52
20.700000	72
20.700000	106
20.700000	501
20.725000	36
20.750000	49
20.750000	87
20.775000	20
20.875000	75
20.875000	500
20.925000	25
20.950000	66
21.000000	58
21.025000	24
21.025000	27
21.050000	26
21.075000	21
21.100000	19
21.100000	40
21.100000	69
21.125000	115
21.175000	61
21.175000	96
21.250000	77
21.275000	57
21.275000	92
21.325000	76
21.350000	88
21.375000	15
21.375000	65
21.375000	74
21.375000	83
21.400000	5
21.450000	121
21.500000	60
21.525000	84
21.525000	91
21.650000	100
21.725000	51
21.750000	18
21.900000	56
21.900000	98
21.950000	9
21.950000	31
21.975000	55
21.975000	505
22.025000	79
22.025000	498
22.075000	3
22.075000	80
22.075000	82
22.175000	11
22.175000	63
22.175000	90
22.175000	120
22.200000	8
22.250000	4
22.350000	133
22.425000	67
22.575000	470
22.600000	30
22.700000	2
22.775000	99
22.800000	85
22.850000	29
22.850000	95
22.900000	97
22.900000	464
22.950000	487
22.975000	478
23.050000	81
23.075000	34
23.075000	466
23.100000	86
23.200000	502
23.250000	12
23.325000	116
23.400000	484
23.400000	497
23.450000	504
23.500000	78
23.550000	68
23.700000	469
23.700000	526
23.800000	17
23.800000	521
23.850000	22
23.875000	1
23.925000	0
23.925000	476
23.975000	14
24.050000	523
24.100000	522
24.150000	108
24.175000	501
24.250000	119
24.300000	7
24.325000	70
24.325000	93
24.425000	525
24.575000	500
24.600000	73
24.725000	101
24.850000	486
24.925000	47
24.925000	89
24.950000	492
25.050000	107
25.125000	28
25.175000	491
25.275000	137
25.300000	122
25.400000	6
25.400000	139
25.650000	495
25.700000	111
25.700000	467
25.750000	53
25.750000	125
25.750000	472
25.775000	458
25.900000	474
25.975000	50
26.100000	524
26.125000	64
26.125000	128
26.250000	46
26.275000	113
26.350000	468
26.375000	33
26.425000	480
26.450000	114
26.475000	460
26.650000	475
26.700000	124
26.900000	39
26.975000	45
26.975000	103
27.050000	43
27.100000	48
27.150000	109
27.300000	473
27.325000	140
27.350000	41
27.400000	465
27.475000	62
27.550000	496
27.575000	505
27.650000	10
27.700000	32
27.700000	59
27.800000	44
27.850000	37
27.875000	94
27.950000	71
27.975000	35
27.975000	489
27.975000	490
28.075000	123
28.200000	138
28.250000	105
28.350000	471
28.400000	13
28.400000	42
28.400000	129
28.500000	23
28.575000	54
28.625000	21
28.650000	87
28.675000	457
28.750000	117
28.750000	500
28.750000	501
28.925000	38
28.925000	481
28.950000	479
29.000000	72
29.050000	16
29.050000	52
29.200000	449
29.325000	504
29.400000	75
29.400000	131
29.400000	149
29.425000	20
29.475000	104
29.525000	26
29.525000	40
29.525000	96
29.525000	461
29.550000	5
29.625000	76
29.625000	455
29.650000	83
29.675000	49
29.675000	66
29.700000	25
29.700000	141
29.725000	102
29.825000	19
29.825000	144
29.925000	58
29.950000	36
29.975000	77
30.100000	88
30.150000	27
30.150000	483
30.175000	69
30.175000	498
30.225000	15
30.375000	4
30.375000	488
30.400000	91
30.425000	9
30.425000	130
30.425000	502
30.450000	24
30.475000	115
30.475000	508
30.525000	112
30.575000	126
30.650000	61
30.675000	493
30.725000	521
30.775000	3
30.850000	452
30.875000	57
30.900000	74
30.950000	18
31.000000	132
31.000000	499
31.025000	106
31.050000	60
31.050000	526
31.100000	65
31.175000	477
31.225000	110
31.450000	487
31.525000	160
31.625000	121
31.650000	84
31.650000	135
31.675000	11
31.725000	8
31.750000	438
31.850000	82
31.950000	28
31.950000	505
32.025000	47
32.075000	98
32.100000	470
32.150000	51
32.150000	99
32.175000	56
32.175000	523
32.225000	459
32.250000	79
32.250000	100
32.250000	522
32.275000	97
32.325000	501
32.400000	80
32.450000	92
32.525000	31
32.525000	133
32.525000	469
32.550000	494
32.550000	500
32.650000	463
32.675000	482
32.675000	525
32.725000	448
32.775000	492
32.800000	453
32.825000	55
32.850000	63
32.850000	95
32.875000	101
32.900000	127
32.925000	67
32.925000	90
32.975000	118
33.000000	50
33.000000	165
33.000000	484
33.100000	85
33.100000	495
33.200000	81
33.250000	119
33.325000	485
33.400000	29
33.400000	478
33.450000	2
33.500000	464
33.500000	506
33.550000	86
33.625000	46
33.650000	108
33.675000	116
33.675000	120
33.750000	142
33.875000	148
33.900000	64
33.900000	466
33.975000	33
34.150000	17
34.175000	486
34.350000	48
34.375000	68
34.400000	107
34.475000	458
34.500000	497
34.600000	30
34.650000	476
34.750000	491
34.775000	125
34.850000	39
34.850000	450
34.900000	1
34.975000	45
35.000000	12
35.000000	433
35.325000	43
35.350000	447
35.375000	41
35.375000	504
35.450000	6
35.475000	445
35.550000	94
35.575000	158
35.575000	502
35.575000	524
35.625000	137
35.625000	139
35.650000	34
35.675000	59
35.725000	62
35.725000	109
35.725000	480
35.800000	123
35.800000	467
35.825000	122
35.850000	150
35.875000	114
35.900000	128
35.975000	78
35.975000	472
36.000000	111
36.050000	474
36.125000	103
36.150000	500
36.225000	89
36.225000	113
36.275000	32
36.275000	473
36.275000	505
36.300000	35
36.325000	454
36.350000	93
36.350000	164
36.375000	10
36.375000	87
36.400000	460
36.450000	159
36.500000	37
36.500000	521
36.575000	468
36.600000	134
36.625000	440
36.675000	44
36.725000	7
36.750000	42
36.750000	124
36.750000	475
36.800000	442
36.950000	21
37.050000	23
37.050000	501
37.075000	444
37.125000	71
37.200000	471
37.300000	105
37.400000	490
37.475000	426
37.475000	439
37.500000	0
37.500000	70
37.500000	73
37.525000	489
37.550000	526
37.575000	5
37.575000	38
37.575000	432
37.625000	22
37.625000	496
37.725000	16
37.850000	481
38.000000	83
38.000000	498
38.025000	14
38.025000	96
38.025000	457
38.050000	13
38.050000	54
38.075000	76
38.100000	52
38.175000	75
38.175000	167
38.350000	72
38.350000	449
38.425000	88
38.500000	151
38.500000	173
38.550000	91
38.600000	129
38.625000	20
38.625000	49
38.625000	138
38.650000	4
38.675000	40
38.700000	19
38.725000	152
38.775000	15
38.825000	483
38.825000	522
38.850000	115
38.875000	154
39.025000	9
39.075000	104
39.125000	77
39.150000	140
39.175000	47
39.225000	3
39.225000	441
39.225000	487
39.325000	131
39.325000	455
39.350000	28
39.375000	162
39.400000	26
39.400000	523
39.425000	461
39.525000	25
39.525000	141
39.575000	117
39.725000	27
39.750000	451
39.900000	505
39.950000	36
39.975000	132
40.000000	500
40.025000	50
40.050000	488
40.075000	525
40.100000	465
40.175000	24
40.175000	149
40.225000	144
40.250000	58
40.250000	66
40.275000	69
40.275000	452
40.350000	143
40.400000	74
40.425000	61
40.575000	492
40.675000	155
40.700000	18
40.700000	470
40.825000	46
40.850000	135
40.875000	416
40.900000	106
40.900000	146
40.950000	60
40.950000	424
40.950000	479
41.000000	501
41.050000	11
41.075000	84
41.125000	168
41.175000	145
41.175000	469
41.225000	507
41.275000	57
41.300000	484
41.300000	495
41.375000	502
41.450000	121
41.475000	504
41.500000	110
41.525000	97
41.575000	493
41.625000	98
41.650000	126
41.675000	99
41.675000	477
41.700000	65
41.700000	499
41.850000	64
41.900000	8
41.975000	33
41.975000	101
41.975000	160
42.075000	153
42.075000	458
42.125000	119
42.150000	464
42.175000	453
42.200000	130
42.225000	456
42.225000	459
42.275000	430
42.300000	438
42.350000	112
42.450000	82
42.475000	80
42.475000	102
42.550000	125
42.550000	157
42.600000	39
42.600000	133
42.600000	521
42.650000	127
42.675000	165
42.675000	478
42.725000	186
42.825000	79
42.825000	170
42.875000	48
42.900000	486
42.925000	163
42.950000	172
43.000000	482
43.025000	95
43.075000	100
43.075000	448
43.075000	524
43.125000	116
43.150000	56
43.200000	178
43.375000	41
43.375000	462
43.375000	526
43.400000	480
43.425000	51
43.475000	412
43.500000	120
43.525000	85
43.525000	466
43.550000	463
43.575000	81
43.675000	108
43.700000	45
43.750000	109
43.800000	55
43.800000	500
43.825000	148
43.900000	467
44.000000	43
44.000000	90
44.000000	94
44.100000	2
44.100000	63
44.150000	92
44.225000	107
44.225000	166
44.250000	485
44.275000	491
44.325000	505
44.400000	86
44.450000	67
44.475000	31
44.475000	473
44.500000	87
44.575000	142
44.575000	476
44.625000	59
44.700000	123
44.725000	29
44.800000	5
44.800000	158
44.825000	445
44.825000	522
44.875000	175
44.875000	501
44.925000	150
44.925000	474
44.950000	434
45.000000	179
45.000000	443
45.100000	17
45.100000	437
45.150000	35
45.200000	10
45.225000	114
45.225000	139
45.275000	164
45.350000	32
45.350000	62
45.375000	174
45.400000	497
45.475000	137
45.475000	472
45.575000	128
45.625000	1
45.625000	414
45.700000	111
45.800000	460
45.850000	118
45.850000	415
45.875000	68
45.925000	37
45.925000	122
45.925000	191
45.925000	503
45.975000	124
46.050000	494
46.100000	105
46.125000	156
46.175000	187
46.200000	471
46.250000	502
46.275000	6
46.275000	91
46.325000	468
46.350000	523
46.400000	425
46.550000	159
46.575000	169
46.575000	411
46.600000	113
46.650000	103
46.650000	481
46.700000	446
46.725000	16
46.750000	21
46.750000	136
46.775000	115
46.775000	496
46.800000	42
46.850000	23
46.850000	147
46.850000	442
46.850000	457
46.875000	433
46.925000	28
46.925000	96
46.950000	3
46.950000	88
47.050000	483
47.050000	504
47.075000	487
47.100000	12
47.100000	184
47.125000	490
47.150000	134
47.175000	4
47.175000	413
47.225000	525
47.275000	44
47.275000	138
47.275000	444
47.300000	447
47.350000	76
47.375000	83
47.400000	89
47.525000	71
47.575000	498
47.625000	129
47.625000	449
47.700000	9
47.700000	492
47.750000	489
47.800000	421
47.850000	47
47.850000	500
47.900000	423
47.925000	93
47.950000	505
48.000000	151
48.025000	408
48.075000	475
48.100000	75
48.125000	38
48.250000	432
48.250000	521
48.300000	404
48.300000	431
48.325000	40
48.325000	52
48.350000	13
48.350000	426
48.375000	19
48.375000	49
48.375000	167
48.375000	455
48.475000	77
48.500000	135
48.525000	132
48.550000	50
48.575000	141
48.600000	454
48.625000	435
48.700000	484
48.750000	15
48.750000	143
48.775000	131
48.850000	183
48.875000	501
48.900000	20
48.900000	461
48.925000	72
48.925000	152
48.950000	195
48.950000	470
48.950000	526
48.975000	54
49.075000	440
49.225000	78
49.225000	104
49.250000	26
49.400000	458
49.475000	46
49.500000	149
49.550000	436
49.575000	419
49.625000	161
49.650000	452
49.675000	117
49.700000	144
49.725000	451
49.725000	524
49.750000	206
49.775000	125
49.875000	162
49.900000	64
49.925000	140
49.925000	173
49.975000	469
50.025000	33
50.050000	27
50.050000	106
50.050000	181
50.075000	405
50.250000	155
50.250000	441
50.325000	74
50.375000	121
50.425000	25
50.450000	30
50.500000	480
50.600000	522
50.625000	133
50.650000	488
50.800000	11
50.800000	459
50.825000	495
50.875000	84
50.975000	61
50.975000	109
50.975000	165
50.975000	439
51.000000	427
51.000000	464
51.025000	160
51.025000	192
51.075000	502
51.175000	417
51.225000	58
51.250000	97
51.250000	400
51.300000	0
51.300000	467
51.325000	98
51.350000	119
51.400000	176
51.425000	18
51.425000	453
51.425000	500
51.525000	407
51.550000	196
51.575000	127
51.575000	154
51.625000	39
51.625000	200
51.650000	420
51.675000	126
51.725000	53
51.725000	60
51.750000	101
51.775000	5
51.825000	473
51.850000	110
51.850000	478
51.950000	24
52.025000	14
52.100000	463
52.125000	36
52.125000	66
52.125000	170
52.175000	168
52.175000	486
52.225000	397
52.225000	505
52.325000	7
52.350000	87
52.350000	450
52.425000	70
52.450000	73
52.450000	503
52.475000	99
52.475000	465
52.525000	409
52.575000	477
52.600000	69
52.600000	130
52.600000	148
52.650000	34
52.725000	448
52.800000	401
52.825000	504
52.850000	157
52.875000	8
52.900000	523
52.975000	123
53.000000	501
53.050000	57
53.050000	416
53.050000	456
53.100000	41
53.125000	116
53.125000	499
53.250000	438
53.275000	80
53.275000	158
53.300000	150
53.300000	424
53.325000	48
53.325000	402
53.325000	466
53.350000	429
53.375000	178
53.400000	120
53.400000	197
53.450000	493
53.475000	172
53.550000	95
53.550000	145
53.550000	482
53.575000	139
53.600000	418
53.625000	22
53.675000	45
53.700000	521
53.700000	525
53.750000	94
53.750000	166
53.900000	85
53.900000	479
53.925000	108
53.925000	142
53.950000	153
54.025000	491
54.125000	82
54.125000	210
54.200000	164
54.200000	445
54.200000	471
54.300000	412
54.325000	179
54.350000	193
54.375000	460
54.375000	474
54.500000	3
54.525000	35
54.600000	185
54.625000	10
54.650000	180
54.650000	492
54.675000	526
54.775000	137
54.825000	107
54.825000	182
54.825000	430
54.875000	437
54.925000	487
54.950000	79
54.950000	500
54.975000	43
55.000000	102
55.050000	59
55.050000	209
55.075000	65
55.175000	468
55.225000	105
55.225000	202
55.225000	446
55.275000	186
55.275000	457
55.400000	32
55.400000	91
55.475000	28
55.500000	2
55.500000	483
55.500000	485
55.525000	496
55.600000	476
55.625000	425
55.625000	472
55.675000	4
55.700000	159
55.775000	124
55.775000	443
55.775000	481
55.800000	47
55.800000	449
55.825000	122
55.875000	16
55.950000	114
55.975000	175
55.975000	396
56.000000	111
56.025000	399
56.025000	522
56.050000	37
56.050000	115
56.100000	63
56.125000	88
56.150000	100
56.175000	96
56.250000	128
56.300000	174
56.350000	502
56.350000	524
56.375000	55
56.375000	138
56.425000	112
56.450000	135
56.475000	62
56.475000	444
56.525000	414
56.525000	505
56.550000	389
56.575000	390
56.575000	411
56.675000	184
56.775000	455
56.825000	67
56.825000	151
56.850000	392
56.875000	23
56.875000	146
56.925000	56
56.950000	90
56.950000	156
56.950000	205
56.950000	470
56.975000	442
57.000000	201
57.000000	501
57.025000	484
57.050000	129
57.150000	29
57.150000	191
57.175000	143
57.175000	434
57.200000	426
57.225000	134
57.225000	454
57.275000	163
57.275000	469
57.300000	86
57.325000	195
57.350000	9
57.350000	433
57.375000	81
57.375000	211
57.500000	504
57.525000	31
57.525000	83
57.550000	393
57.575000	432
57.625000	13
57.625000	415
57.650000	64
57.650000	406
57.675000	17
57.725000	458
57.750000	21
57.800000	490
57.850000	6
57.850000	167
58.000000	125
58.025000	214
58.025000	404
58.025000	461
58.100000	187
58.150000	141
58.150000	423
58.175000	369
58.175000	395
58.200000	447
58.250000	222
58.275000	103
58.325000	431
58.350000	75
58.375000	451
58.400000	497
58.425000	1
58.475000	40
58.500000	113
58.550000	118
58.550000	132
58.550000	489
58.625000	480
58.650000	152
58.675000	498
58.675000	518
58.775000	76
58.775000	92
58.775000	131
58.775000	394
58.825000	521
58.925000	475
58.950000	144
58.975000	500
59.025000	403
59.050000	149
59.075000	50
59.150000	44
59.150000	51
59.150000	413
59.200000	77
59.200000	452
59.250000	46
59.250000	147
59.250000	503
59.275000	376
59.300000	133
59.375000	68
59.375000	523
59.400000	19
59.400000	26
59.450000	441
59.450000	464
59.450000	525
59.525000	405
59.550000	136
59.625000	165
59.650000	33
59.650000	162
59.675000	155
59.700000	42
59.725000	177
59.750000	398
59.775000	121
59.875000	38
59.925000	71
59.925000	72
59.950000	505
59.975000	161
60.050000	20
60.075000	467
60.100000	15
60.100000	459
60.175000	5
60.175000	117
60.200000	106
60.200000	408
60.325000	381
60.325000	526
60.350000	220
60.400000	422
60.400000	510
60.425000	54
60.450000	109
60.450000	160
60.450000	375
60.525000	203
60.550000	495
60.625000	223
60.650000	439
60.675000	89
60.675000	473
60.750000	225
60.750000	502
60.775000	12
60.800000	204
60.800000	440
60.900000	158
60.950000	463
60.975000	87
61.025000	49
61.025000	119
61.025000	501
61.050000	435
61.150000	192
61.150000	488
61.175000	27
61.175000	104
61.175000	170
61.175000	478
61.200000	419
61.225000	127
61.250000	360
61.350000	52
61.375000	218
61.400000	154
61.400000	400
61.425000	378
61.425000	382
61.500000	84
61.500000	181
61.500000	453
61.525000	407
61.550000	232
61.575000	173
61.675000	421
61.700000	189
61.725000	199
61.750000	148
61.800000	101
61.800000	524
61.825000	522
61.900000	397
61.925000	25
61.975000	97
61.975000	448
62.000000	123
62.025000	183
62.050000	74
62.050000	140
62.050000	227
62.075000	172
62.100000	368
62.125000	401
62.250000	486
62.300000	492
62.325000	471
62.350000	164
62.375000	11
62.375000	94
62.375000	98
62.375000	235
62.475000	61
62.475000	384
62.500000	417
62.550000	110
62.575000	150
62.625000	39
62.625000	364
62.650000	519
62.675000	166
62.675000	427
62.700000	504
62.750000	380
62.775000	179
62.775000	445
62.775000	460
62.800000	126
63.000000	3
63.000000	130
63.100000	18
63.100000	60
63.150000	93
63.250000	116
63.250000	500
63.375000	58
63.400000	157
63.400000	487
63.425000	169
63.450000	477
63.475000	139
63.475000	425
63.525000	213
63.575000	142
63.600000	120
63.600000	217
63.650000	409
63.675000	41
63.725000	449
63.750000	10
63.750000	200
63.775000	418
63.825000	24
63.825000	438
63.875000	505
63.900000	356
63.925000	178
63.950000	446
64.025000	352
64.050000	99
64.075000	456
64.100000	474
64.125000	45
64.125000	153
64.125000	215
64.125000	385
64.125000	494
64.225000	503
64.225000	521
64.250000	47
64.250000	216
64.275000	168
64.300000	176
64.300000	190
64.300000	437
64.425000	371
64.425000	455
64.450000	85
64.475000	466
64.500000	483
64.500000	496
64.550000	4
64.600000	159
64.600000	198
64.625000	482
64.650000	188
64.650000	420
64.675000	210
64.675000	402
64.675000	429
64.675000	465
64.700000	430
64.750000	416
64.775000	383
64.825000	57
64.850000	501
64.875000	35
64.875000	95
64.900000	137
64.925000	457
64.950000	138
65.000000	450
65.050000	115
65.050000	193
65.050000	387
65.125000	502
65.150000	96
65.150000	143
65.150000	525
65.175000	207
65.175000	523
65.225000	78
65.250000	48
65.250000	386
65.250000	411
65.275000	108
65.300000	36
65.325000	91
65.325000	491
65.350000	182
65.425000	208
65.425000	212
65.450000	135
65.500000	468
65.550000	206
65.575000	69
65.650000	481
65.725000	122
65.725000	151
65.750000	390
65.775000	186
65.800000	145
65.825000	28
65.825000	174
65.825000	372
65.850000	32
65.850000	105
65.850000	374
65.900000	37
65.950000	8
66.000000	238
66.050000	462
66.075000	432
66.125000	125
66.125000	444
66.150000	175
66.150000	412
66.200000	202
66.225000	80
66.225000	88
66.350000	499
66.400000	406
66.425000	167
66.425000	426
66.425000	469
66.450000	129
66.450000	479
66.475000	526
66.500000	107
66.525000	458
66.550000	454
66.575000	43
66.650000	228
66.725000	114
66.725000	362
66.725000	484
66.750000	124
66.750000	443
66.775000	470
66.800000	195
66.825000	472
66.850000	185
66.875000	66
66.925000	59
66.925000	184
66.925000	197
66.950000	79
66.975000	180
67.125000	509
67.150000	511
67.175000	424
67.175000	504
67.200000	2
67.200000	500
67.225000	16
67.250000	111
67.300000	505
67.300000	522
67.375000	524
67.475000	476
67.500000	367
67.500000	414
67.500000	451
67.525000	431
67.525000	436
67.575000	442
67.600000	415
67.650000	358
67.675000	82
67.700000	423
67.775000	370
67.775000	433
67.875000	62
67.875000	187
67.900000	23
67.925000	163
67.925000	388
67.925000	480
67.975000	395
68.025000	64
68.050000	196
68.075000	214
68.100000	133
68.100000	134
68.100000	405
68.150000	9
68.150000	83
68.175000	156
68.200000	404
68.300000	102
68.300000	191
68.300000	231
68.325000	165
68.350000	128
68.350000	158
68.350000	396
68.350000	461
68.450000	144
68.450000	152
68.475000	501
68.500000	171
68.500000	354
68.525000	464
68.625000	75
68.625000	100
68.650000	239
68.675000	366
68.700000	391
68.725000	14
68.775000	0
68.825000	392
68.850000	5
68.850000	65
68.850000	361
68.850000	447
68.925000	6
68.950000	520
68.975000	452
69.025000	377
69.025000	475
69.025000	521
69.050000	353
69.100000	149
69.100000	467
69.150000	21
69.175000	170
69.175000	369
69.200000	141
69.200000	345
69.225000	434
69.350000	211
69.375000	201
69.375000	359
69.450000	155
69.475000	46
69.550000	393
69.550000	502
69.625000	209
69.625000	490
69.650000	132
69.650000	503
69.675000	162
69.675000	365
69.675000	389
69.675000	485
69.725000	222
69.800000	205
69.800000	441
69.850000	264
69.925000	121
69.925000	160
69.950000	73
69.950000	203
69.950000	489
70.025000	403
70.050000	67
70.075000	192
70.125000	131
70.150000	13
70.150000	55
70.150000	172
70.150000	177
70.175000	204
70.250000	30
70.325000	50
70.350000	375
70.350000	394
70.350000	463
70.350000	473
70.450000	399
70.475000	76
70.475000	86
70.475000	220
70.475000	459
70.500000	408
70.525000	103
70.525000	123
70.525000	249
70.575000	505
70.625000	360
70.650000	525
70.725000	164
70.725000	401
70.750000	413
70.825000	400
70.825000	498
70.850000	19
70.850000	376
70.850000	523
70.875000	242
70.925000	161
70.925000	428
70.950000	146
70.950000	166
70.950000	225
70.950000	425
70.975000	493
71.000000	33
71.000000	87
71.050000	113
71.050000	234
71.050000	439
71.075000	147
71.075000	448
71.150000	81
71.175000	1
71.175000	29
71.200000	373
71.200000	397
71.250000	492
71.275000	15
71.300000	173
71.325000	504
71.350000	407
71.400000	77
71.400000	382
71.475000	230
71.525000	70
71.550000	179
71.675000	136
71.700000	422
71.700000	445
71.700000	453
71.725000	350
71.750000	471
71.775000	117
71.775000	148
71.775000	154
71.775000	500
71.800000	40
71.900000	410
71.925000	460
71.950000	119
72.050000	38
72.050000	127
72.075000	106
72.075000	526
72.100000	223
72.100000	478
72.100000	495
72.125000	90
72.200000	72
72.225000	421
72.250000	368
72.275000	227
72.300000	56
72.300000	229
72.325000	7
72.350000	101
72.350000	109
72.350000	378
72.375000	150
72.450000	3
72.450000	501
72.475000	20
72.475000	26
72.475000	488
72.525000	94
72.525000	118
72.550000	31
72.550000	449
72.575000	199
72.575000	381
72.575000	409
72.625000	524
72.675000	487
72.800000	363
72.825000	251
72.900000	232
72.925000	384
73.000000	200
73.000000	235
73.075000	125
73.100000	418
73.125000	210
73.150000	455
73.175000	159
73.175000	178
73.175000	218
73.175000	346
73.225000	522
73.250000	355
73.300000	486
73.325000	17
73.350000	104
73.375000	139
73.400000	97
73.425000	63
73.450000	153
73.450000	437
73.475000	157
73.500000	181
73.550000	446
73.575000	116
73.575000	138
73.575000	236
73.600000	432
73.625000	47
73.625000	344
73.625000	349
73.675000	334
73.675000	398
73.700000	110
73.700000	356
73.725000	10
73.800000	430
73.800000	435
73.825000	112
73.850000	233
73.900000	427
73.925000	380
73.975000	502
74.025000	332
74.050000	411
74.075000	42
74.075000	193
74.075000	237
74.100000	71
74.100000	252
74.100000	419
74.100000	521
74.175000	142
74.225000	266
74.225000	496
74.250000	151
74.250000	182
74.275000	503
74.300000	167
74.325000	364
74.350000	84
74.425000	25
74.425000	213
74.475000	143
74.475000	357
74.475000	474
74.475000	505
74.525000	250
74.525000	438
74.575000	39
74.575000	189
74.600000	140
74.600000	371
74.600000	406
74.600000	420
74.650000	429
74.650000	457
74.700000	417
74.725000	27
74.725000	379
74.850000	183
74.850000	198
74.875000	61
74.875000	126
74.900000	130
74.950000	120
74.950000	248
74.950000	440
74.975000	221
75.025000	44
75.025000	216
75.050000	372
75.100000	426
75.150000	115
75.200000	337
75.225000	28
75.225000	504
75.250000	390
75.275000	219
75.325000	483
75.350000	54
75.400000	96
75.400000	481
75.450000	212
75.450000	352
75.450000	387
75.475000	374
75.500000	135
75.575000	188
75.575000	458
75.600000	35
75.600000	497
75.600000	500
75.625000	41
75.625000	137
75.625000	174
75.625000	477
75.700000	385
75.725000	122
75.725000	431
75.750000	175
75.775000	74
75.775000	207
75.775000	226
75.775000	444
75.800000	195
75.825000	186
75.825000	256
75.825000	351
75.825000	469
75.850000	259
75.875000	383
75.900000	260
75.925000	60
75.950000	92
76.050000	4
76.050000	470
76.050000	501
76.100000	525
76.125000	402
76.125000	454
76.150000	91
76.175000	466
76.225000	49
76.225000	217
76.250000	202
76.250000	416
76.275000	37
76.275000	328
76.275000	523
76.300000	482
76.375000	168
76.375000	412
76.450000	18
76.475000	58
76.500000	129
76.525000	358
76.550000	51
76.550000	456
76.575000	194
76.600000	342
76.625000	11
76.675000	85
76.700000	45
76.700000	98
76.750000	215
76.775000	340
76.775000	423
76.800000	57
76.800000	395
76.825000	68
76.825000	465
76.875000	405
76.875000	464
76.900000	370
76.925000	451
76.950000	144
76.950000	206
76.975000	105
76.975000	208
77.000000	89
77.000000	246
77.050000	88
77.100000	95
77.100000	158
77.200000	184
77.200000	228
77.200000	331
77.250000	367
77.275000	491
77.375000	484
77.400000	414
77.425000	526
77.450000	24
77.475000	253
77.550000	170
77.550000	362
77.575000	468
77.600000	32
77.600000	386
77.675000	524
77.700000	505
77.725000	415
77.750000	404
77.775000	52
77.775000	502
77.825000	442
77.900000	187
77.900000	472
77.925000	443
77.950000	165
77.975000	320
77.975000	480
78.000000	133
78.000000	272
78.000000	375
78.025000	107
78.075000	99
78.075000	191
78.125000	145
78.125000	450
78.150000	211
78.175000	254
78.300000	180
78.375000	169
78.425000	318
78.425000	377
78.475000	152
78.500000	461
78.550000	185
78.550000	503
78.575000	467
78.600000	12
78.600000	522
78.625000	176
78.625000	245
78.650000	124
78.675000	108
78.675000	354
78.675000	452
78.700000	114
78.725000	204
78.750000	521
78.775000	111
78.800000	8
78.825000	172
78.875000	16
78.900000	192
78.900000	197
78.900000	401
78.925000	162
78.975000	264
79.000000	504
79.025000	163
79.025000	214
79.075000	149
79.075000	156
79.075000	268
79.100000	347
79.100000	391
79.125000	34
79.125000	353
79.175000	79
79.200000	5
79.200000	500
79.275000	22
79.275000	23
79.275000	382
79.275000	425
79.300000	389
79.300000	393
79.400000	21
79.400000	59
79.400000	397
79.450000	345
79.475000	203
79.500000	166
79.525000	48
79.525000	335
79.600000	388
79.625000	93
79.675000	396
79.700000	447
79.725000	160
79.725000	261
79.775000	64
79.775000	123
79.800000	369
79.800000	394
79.800000	433
79.850000	196
79.850000	321
79.850000	360
79.850000	366
79.875000	225
79.875000	400
79.900000	322
79.900000	479
79.975000	231
80.025000	9
80.025000	476
80.050000	164
80.075000	209
80.125000	281
80.150000	501
80.225000	62
80.275000	288
80.300000	69
80.325000	75
80.325000	434
80.350000	155
80.350000	238
80.375000	475
80.400000	441
80.450000	46
80.450000	121
80.550000	132
80.550000	326
80.625000	36
80.625000	205
80.650000	473
80.700000	134
80.725000	80
80.725000	177
80.725000	392
80.750000	43
80.750000	242
80.750000	262
80.750000	343
80.750000	463
80.775000	171
80.800000	424
80.825000	330
80.825000	376
80.850000	243
80.875000	220
80.875000	399
80.875000	448
80.925000	359
80.975000	82
81.025000	492
81.050000	2
81.125000	87
81.200000	159
81.250000	240
81.275000	408
81.275000	525
81.300000	227
81.300000	439
81.350000	83
81.350000	125
81.350000	222
81.375000	128
81.375000	179
81.375000	327
81.375000	368
81.400000	453
81.425000	336
81.450000	239
81.475000	365
81.475000	378
81.500000	445
81.500000	502
81.550000	150
81.575000	173
81.575000	265
81.600000	455
81.600000	505
81.600000	523
81.650000	161
81.650000	407
81.725000	409
81.750000	3
81.750000	418
81.775000	350
81.800000	131
81.825000	100
81.875000	141
81.875000	413
81.900000	277
81.900000	471
81.950000	210
81.950000	317
81.950000	403
81.975000	50
81.975000	138
82.000000	223
82.000000	249
82.000000	460
82.025000	384
82.075000	273
82.075000	487
82.100000	154
82.100000	341
82.175000	436
82.200000	355
82.250000	190
82.275000	289
82.300000	47
82.350000	19
82.375000	346
82.425000	234
82.425000	430
82.450000	65
82.450000	200
82.450000	230
82.450000	410
82.500000	406
82.500000	504
82.525000	361
82.550000	235
82.575000	178
82.575000	381
82.575000	432
82.575000	449
82.600000	66
82.600000	524
82.625000	139
82.625000	489
82.675000	167
82.725000	526
82.775000	148
82.800000	503
82.875000	199
82.900000	151
83.000000	78
83.025000	13
83.125000	310
83.125000	422
83.225000	308
83.250000	437
83.275000	356
83.275000	357
83.300000	498
83.325000	500
83.350000	86
83.350000	478
83.375000	101
83.375000	275
83.475000	213
83.500000	113
83.600000	251
83.600000	282
83.600000	380
83.675000	348
83.700000	364
83.725000	193
83.725000	490
83.800000	201
83.800000	344
83.825000	153
83.825000	218
83.850000	521
83.875000	287
83.875000	501
83.900000	300
83.925000	232
83.950000	94
83.950000	182
83.950000	390
83.975000	103
83.975000	136
83.975000	488
84.025000	302
84.025000	312
84.025000	372
84.075000	147
84.075000	157
84.075000	303
84.150000	77
84.150000	284
84.150000	522
84.225000	279
84.250000	195
84.275000	6
84.275000	216
84.300000	76
84.300000	387
84.375000	212
84.400000	119
84.425000	339
84.425000	446
84.450000	117
84.450000	374
84.450000	486
84.500000	266
84.500000	459
84.550000	371
84.575000	116
84.575000	316
84.600000	426
84.625000	127
84.625000	496
84.725000	10
84.750000	40
84.775000	102
84.800000	256
84.800000	373
84.800000	411
84.825000	109
84.825000	304
84.825000	319
84.825000	495
84.875000	97
84.900000	429
84.925000	38
84.925000	332
85.000000	358
85.025000	198
85.050000	286
85.075000	106
85.075000	278
85.100000	255
85.100000	431
85.100000	444
85.175000	67
85.175000	241
85.225000	33
85.225000	146
85.250000	427
85.250000	458
85.275000	421
85.300000	15
85.300000	233
85.300000	271
85.325000	499
85.400000	181
85.400000	333
85.425000	20
85.425000	236
85.450000	329
85.525000	309
85.550000	338
85.550000	502
85.625000	334
85.650000	143
85.675000	207
85.675000	423
85.725000	26
85.725000	324
85.750000	505
85.775000	142
85.800000	28
85.800000	244
85.800000	315
85.800000	375
85.850000	170
85.850000	405
85.900000	464
85.925000	135
85.925000	313
85.975000	186
85.975000	385
86.000000	337
86.075000	115
86.075000	202
86.075000	363
86.075000	398
86.100000	270
86.100000	295
86.125000	395
86.175000	352
86.200000	250
86.200000	362
86.225000	420
86.250000	206
86.275000	370
86.300000	252
86.300000	485
86.325000	158
86.325000	438
86.350000	110
86.375000	457
86.375000	480
86.425000	96
86.425000	525
86.450000	504
86.475000	175
86.475000	474
86.500000	229
86.550000	237
86.575000	189
86.575000	301
86.575000	470
86.600000	306
86.650000	81
86.675000	144
86.675000	226
86.675000	351
86.700000	191
86.725000	228
86.750000	188
86.750000	258
86.750000	354
86.775000	120
86.825000	204
86.850000	454
86.875000	267
86.875000	320
86.875000	349
86.900000	503
86.925000	211
86.975000	130
86.975000	285
86.975000	523
87.000000	248
87.050000	469
87.175000	174
87.175000	383
87.200000	260
87.200000	276
87.225000	325
87.225000	412
87.250000	500
87.275000	137
87.275000	401
87.300000	331
87.350000	367
87.375000	397
87.450000	4
87.450000	328
87.500000	402
87.525000	524
87.550000	42
87.600000	298
87.650000	247
87.650000	501
87.725000	484
87.750000	1
87.750000	419
87.775000	404
87.800000	140
87.850000	122
87.875000	184
87.875000	268
87.900000	259
87.900000	451
87.950000	526
88.000000	340
88.050000	217
88.050000	272
88.075000	377
88.100000	483
88.175000	192
88.200000	91
88.200000	382
88.200000	442
88.225000	126
88.250000	288
88.250000	297
88.250000	414
88.250000	425
88.275000	416
88.300000	71
88.300000	133
88.300000	225
88.300000	386
88.325000	165
88.325000	187
88.325000	246
88.400000	345
88.400000	400
88.425000	35
88.425000	415
88.450000	417
88.500000	172
88.500000	435
88.525000	183
88.575000	467
88.600000	162
88.600000	318
88.675000	84
88.675000	166
88.675000	521
88.700000	264
88.700000	314
88.725000	283
88.750000	269
88.875000	123
88.900000	37
88.900000	118
88.975000	104
89.000000	160
89.000000	231
89.000000	326
89.025000	129
89.025000	208
89.025000	477
89.100000	466
89.125000	41
89.125000	254
89.125000	290
89.150000	292
89.150000	353
89.150000	389
89.175000	360
89.200000	323
89.200000	502
89.275000	299
89.300000	61
89.350000	522
89.400000	342
89.400000	481
89.425000	393
89.475000	0
89.475000	44
89.475000	224
89.525000	55
89.550000	105
89.650000	281
89.650000	452
89.675000	197
89.675000	214
89.700000	369
89.850000	215
89.900000	253
89.900000	317
89.900000	343
89.950000	293
89.950000	505
89.975000	461
90.000000	322
90.025000	368
90.025000	406
90.025000	443
90.100000	391
90.125000	164
90.125000	327
90.175000	504
90.225000	274
90.275000	394
90.325000	220
90.350000	219
90.375000	159
90.375000	261
90.400000	355
90.425000	57
90.425000	455
90.450000	39
90.450000	114
90.450000	321
90.525000	156
90.525000	308
90.575000	203
90.575000	482
90.600000	149
90.625000	257
90.675000	378
90.700000	503
90.750000	440
90.750000	472
90.775000	357
90.800000	152
90.800000	245
90.825000	265
90.850000	291
90.875000	223
90.900000	468
90.925000	409
90.950000	107
90.950000	341
90.975000	29
90.975000	249
91.000000	185
91.000000	239
91.025000	227
91.025000	302
91.050000	98
91.050000	210
91.075000	242
91.075000	280
91.075000	350
91.075000	418
91.100000	180
91.100000	277
91.100000	376
91.100000	525
91.125000	27
91.125000	221
91.125000	287
91.175000	282
91.175000	330
91.175000	366
91.200000	16
91.225000	121
91.225000	335
91.325000	365
91.350000	465
91.375000	448
91.425000	58
91.450000	17
91.450000	399
91.500000	492
91.525000	456
91.550000	238
91.550000	346
91.575000	209
91.600000	240
91.650000	5
91.700000	243
91.800000	125
91.800000	234
91.850000	262
91.875000	108
91.875000	300
91.875000	384
91.875000	447
91.875000	500
91.900000	235
91.925000	21
91.950000	310
91.950000	523
91.975000	138
92.000000	289
92.050000	177
92.050000	263
92.050000	316
92.075000	205
92.075000	439
92.100000	256
92.100000	304
92.100000	501
92.175000	3
92.200000	473
92.250000	179
92.250000	222
92.250000	381
92.275000	9
92.275000	167
92.350000	273
92.350000	284
92.375000	372
92.400000	151
92.400000	445
92.425000	150
92.425000	356
92.425000	407
92.450000	60
92.450000	449
92.450000	463
92.500000	88
92.500000	460
92.525000	453
92.550000	145
92.575000	161
92.575000	524
92.675000	311
92.675000	359
92.700000	502
92.725000	173
92.775000	428
92.850000	196
92.875000	72
92.900000	200
92.925000	390
92.950000	266
92.950000	364
92.975000	195
92.975000	278
92.975000	358
93.000000	212
93.000000	374
93.000000	408
93.025000	213
93.025000	319
93.025000	348
93.025000	387
93.075000	139
93.075000	155
93.150000	296
93.150000	432
93.225000	309
93.275000	375
93.325000	87
93.400000	361
93.400000	526
93.425000	430
93.475000	63
93.475000	479
93.525000	74
93.525000	410
93.525000	487
93.550000	332
93.550000	344
93.600000	178
93.650000	134
93.650000	434
93.650000	504
93.725000	163
93.725000	171
93.725000	286
93.775000	131
93.775000	303
93.775000	307
93.775000	313
93.800000	505
93.825000	90
93.850000	85
93.875000	111
93.900000	392
93.925000	347
93.950000	380
93.950000	471
93.975000	388
94.000000	62
94.000000	251
94.000000	312
94.000000	441
94.025000	168
94.125000	275
94.125000	294
94.125000	521
94.175000	95
94.175000	279
94.175000	336
94.275000	433
94.375000	182
94.375000	301
94.375000	337
94.400000	371
94.425000	193
94.450000	522
94.475000	271
94.500000	354
94.500000	503
94.525000	46
94.525000	491
94.600000	216
94.600000	232
94.625000	305
94.625000	320
94.675000	24
94.700000	124
94.725000	154
94.725000	276
94.725000	405
94.750000	230
94.775000	315
94.800000	199
94.800000	396
94.850000	255
94.875000	191
94.875000	475
94.900000	295
94.950000	288
95.000000	204
95.000000	431
95.025000	324
95.075000	339
95.075000	426
95.075000	458
95.100000	218
95.125000	306
95.125000	444
95.225000	132
95.225000	198
95.250000	236
95.250000	403
95.300000	260
95.300000	362
95.400000	423
95.450000	334
95.600000	170
95.600000	268
95.600000	413
95.625000	370
95.675000	128
95.675000	352
95.725000	206
95.725000	351
95.725000	450
95.775000	225
95.775000	244
95.775000	329
95.825000	480
95.925000	395
95.950000	233
95.950000	385
95.975000	157
96.000000	525
96.025000	79
96.025000	259
96.075000	325
96.125000	101
96.125000	158
96.125000	201
96.150000	333
96.225000	500
96.275000	252
96.275000	446
96.300000	501
96.325000	153
96.325000	422
96.325000	502
96.350000	8
96.375000	248
96.375000	272
96.425000	437
96.450000	148
96.525000	298
96.550000	241
96.650000	211
96.700000	270
96.750000	186
96.750000	345
96.750000	476
96.825000	176
96.825000	486
96.850000	283
96.875000	523
96.900000	258
96.900000	424
96.900000	478
96.925000	228
96.925000	411
97.000000	75
97.000000	328
97.000000	401
97.025000	64
97.025000	397
97.050000	264
97.050000	338
97.075000	425
97.075000	488
97.100000	267
97.100000	367
97.125000	226
97.125000	297
97.150000	59
97.200000	349
97.250000	504
97.275000	318
97.300000	308
97.300000	326
97.350000	368
97.375000	331
97.425000	302
97.425000	464
97.475000	412
97.500000	474
97.550000	299
97.550000	317
97.550000	524
97.600000	2
97.625000	28
97.625000	237
97.625000	382
97.625000	400
97.675000	340
97.700000	287
97.700000	377
97.725000	254
97.750000	116
97.750000	281
97.750000	363
97.825000	202
97.875000	285
97.900000	355
97.900000	496
97.925000	459
97.975000	357
97.975000	505
98.000000	207
98.000000	360
98.025000	250
98.025000	282
98.025000	322
98.075000	19
98.100000	231
98.150000	189
98.150000	192
98.175000	136
98.175000	169
98.200000	457
98.225000	429
98.225000	503
98.275000	92
98.275000	117
98.300000	142
98.300000	143
98.325000	127
98.350000	467
98.375000	188
98.375000	343
98.375000	421
98.400000	172
98.400000	249
98.425000	484
98.450000	406
98.450000	516
98.550000	512
98.575000	327
98.625000	166
98.625000	438
98.650000	290
98.650000	415
98.875000	52
98.875000	113
98.875000	162
98.875000	353
98.875000	369
98.900000	181
98.925000	386
98.950000	187
98.950000	293
98.975000	229
99.000000	135
99.000000	304
99.000000	316
99.025000	277
99.050000	383
99.075000	184
99.075000	470
99.150000	323
99.175000	404
99.175000	526
99.200000	321
99.200000	489
99.250000	451
99.275000	96
99.300000	292
99.375000	210
99.375000	256
99.475000	77
99.475000	341
99.575000	454
99.600000	389
99.625000	123
99.625000	247
99.650000	220
99.700000	265
99.725000	49
99.725000	261
99.825000	253
99.825000	300
99.875000	223
99.875000	246
99.900000	48
99.925000	144
99.925000	502
100.000000	45
100.050000	314
100.050000	442
100.075000	346
100.100000	402
100.125000	284
100.125000	522
100.150000	115
100.175000	398
100.200000	373
100.225000	342
100.275000	350
100.325000	309
100.350000	372
100.400000	164
100.425000	501
100.450000	174
100.475000	266
100.500000	330
100.500000	414
100.500000	483
100.500000	521
100.550000	217
100.550000	234
100.575000	310
100.600000	455
100.625000	119
100.650000	420
100.675000	335
100.675000	504
100.700000	214
100.725000	175
100.725000	319
100.750000	25
100.750000	94
100.750000	239
100.775000	278
100.775000	469
100.775000	525
100.800000	235
100.875000	109
100.875000	133
100.875000	409
100.900000	227
100.950000	393
100.975000	289
101.000000	141
101.025000	269
101.025000	274
101.050000	212
101.075000	165
101.075000	320
101.100000	517
101.175000	313
101.175000	375
101.175000	500
101.250000	137
101.250000	276
101.250000	348
101.275000	332
101.275000	378
101.325000	365
101.400000	10
101.400000	245
101.475000	160
101.475000	195
101.525000	461
101.550000	452
101.575000	106
101.575000	288
101.600000	394
101.700000	374
101.725000	427
101.800000	358
101.825000	159
101.825000	203
101.925000	215
102.000000	354
102.000000	503
102.050000	262
102.075000	273
102.125000	505
102.175000	213
102.175000	356
102.275000	344
102.300000	197
102.300000	242
102.300000	301
102.300000	419
102.325000	257
102.425000	147
102.425000	523
102.450000	240
102.450000	280
102.450000	524
102.500000	120
102.500000	490
102.525000	243
102.525000	364
102.525000	449
102.550000	122
102.550000	366
102.550000	391
102.575000	387
102.650000	209
102.650000	337
102.650000	418
102.675000	286
102.700000	384
102.725000	381
102.750000	36
102.750000	268
102.825000	291
102.875000	260
102.875000	376
102.900000	125
102.975000	315
103.100000	303
103.125000	399
103.150000	208
103.200000	100
103.300000	238
103.300000	432
103.325000	312
103.325000	502
103.350000	295
103.350000	407
103.350000	498
103.375000	436
103.475000	222
103.475000	448
103.500000	23
103.525000	263
103.525000	306
103.550000	445
103.575000	138
103.600000	259
103.625000	271
103.625000	311
103.650000	47
103.675000	156
103.675000	361
103.700000	390
103.750000	110
103.825000	362
104.050000	152
104.050000	439
104.125000	224
104.125000	279
104.150000	50
104.150000	83
104.175000	190
104.200000	183
104.225000	204
104.225000	308
104.250000	504
104.275000	255
104.275000	443
104.300000	167
104.300000	225
104.300000	371
104.375000	324
104.400000	173
104.425000	179
104.500000	140
104.500000	317
104.525000	417
104.525000	501
104.575000	302
104.625000	351
104.650000	151
104.650000	294
104.675000	473
104.700000	325
104.725000	219
104.750000	161
104.750000	205
104.800000	177
104.800000	200
104.900000	178
104.925000	352
104.925000	355
104.950000	526
105.000000	149
105.000000	296
105.000000	370
105.025000	275
105.025000	307
105.025000	334
105.075000	251
105.075000	453
105.100000	191
105.100000	272
105.100000	410
105.100000	481
105.125000	264
105.125000	345
105.125000	423
105.125000	430
105.200000	405
105.225000	431
105.250000	194
105.275000	297
105.275000	359
105.325000	282
105.375000	216
105.375000	298
105.400000	283
105.425000	155
105.475000	380
105.500000	91
105.525000	287
105.525000	326
105.650000	206
105.675000	121
105.675000	281
105.675000	322
105.725000	249
105.850000	368
105.900000	416
105.925000	193
105.925000	339
105.975000	236
105.975000	426
106.000000	182
106.000000	304
106.100000	252
106.100000	299
106.100000	401
106.125000	357
106.150000	139
106.150000	425
106.150000	522
106.175000	460
106.175000	503
106.225000	248
106.225000	277
106.225000	505
106.300000	318
106.325000	185
106.350000	408
106.350000	525
106.375000	218
106.450000	4
106.475000	232
106.525000	244
106.600000	385
106.650000	329
106.650000	360
106.675000	500
106.800000	435
106.825000	199
106.850000	267
106.850000	521
106.875000	305
106.900000	256
106.900000	316
106.900000	382
106.950000	254
106.975000	198
107.000000	336
107.000000	502
107.075000	328
107.125000	170
107.125000	377
107.200000	397
107.275000	331
107.300000	231
107.300000	233
107.325000	180
107.325000	456
107.350000	154
107.350000	487
107.375000	270
107.425000	150
107.425000	258
107.425000	266
107.425000	480
107.450000	504
107.475000	524
107.525000	332
107.575000	129
107.675000	367
107.675000	485
107.700000	293
107.725000	131
107.725000	327
107.775000	226
107.800000	290
107.825000	434
107.825000	458
107.850000	126
108.000000	158
108.000000	309
108.000000	321
108.000000	463
108.025000	186
108.050000	343
108.075000	495
108.125000	300
108.125000	340
108.150000	319
108.175000	341
108.200000	523
108.225000	333
108.300000	9
108.300000	196
108.325000	400
108.375000	276
108.375000	395
108.375000	406
108.400000	265
108.400000	338
108.400000	349
108.425000	210
108.450000	284
108.475000	211
108.475000	241
108.500000	103
108.500000	288
108.525000	514
108.550000	230
108.550000	444
108.625000	471
108.650000	5
108.675000	313
108.750000	192
108.775000	172
108.800000	285
108.900000	228
109.000000	411
109.025000	310
109.075000	323
109.075000	353
109.100000	346
109.150000	202
109.175000	320
109.250000	468
109.275000	261
109.300000	350
109.375000	446
109.425000	237
109.450000	396
109.550000	157
109.550000	278
109.600000	189
109.700000	503
109.725000	223
109.825000	234
109.825000	330
109.850000	292
109.850000	392
109.900000	130
109.925000	289
109.925000	501
109.950000	372
109.950000	375
110.050000	253
110.075000	195
110.075000	247
110.150000	166
110.150000	472
110.175000	354
110.225000	148
110.275000	153
110.300000	187
110.300000	220
110.325000	143
110.350000	260
110.375000	212
110.400000	268
110.400000	348
110.425000	412
110.450000	250
110.500000	201
110.525000	221
110.575000	415
110.575000	502
110.625000	235
110.625000	259
110.650000	374
110.725000	246
110.725000	379
110.725000	404
110.775000	344
110.775000	505
110.875000	301
110.875000	342
110.875000	369
110.900000	239
110.900000	315
110.900000	388
110.900000	492
111.025000	306
111.025000	337
111.075000	526
111.125000	317
111.175000	308
111.225000	358
111.275000	504
111.325000	188
111.350000	335
111.375000	163
111.375000	227
111.475000	515
111.550000	378
111.550000	437
111.575000	302
111.600000	295
111.600000	413
111.675000	274
111.675000	314
111.725000	286
111.775000	132
111.800000	422
111.800000	525
111.825000	229
111.900000	214
111.925000	184
111.975000	213
112.000000	123
112.000000	363
112.025000	347
112.075000	389
112.250000	207
112.400000	3
112.400000	273
112.400000	282
112.400000	451
112.425000	467
112.450000	364
112.525000	383
112.550000	365
112.600000	164
112.775000	204
112.775000	355
112.825000	159
112.875000	162
112.900000	243
112.900000	312
112.975000	356
112.975000	522
113.000000	303
113.050000	171
113.050000	245
113.050000	457
113.075000	271
113.100000	304
113.175000	387
113.200000	362
113.200000	524
113.325000	124
113.425000	447
113.525000	322
113.575000	454
113.625000	255
113.625000	262
113.675000	264
113.675000	297
113.750000	287
113.775000	403
113.800000	135
113.800000	242
113.800000	281
113.800000	324
113.825000	203
113.825000	316
113.875000	503
113.875000	521
114.050000	279
114.075000	225
114.075000	272
114.075000	386
114.100000	222
114.100000	326
114.100000	361
114.100000	424
114.175000	108
114.200000	217
114.250000	429
114.275000	215
114.275000	240
114.300000	269
114.375000	256
114.400000	257
114.450000	464
114.475000	409
114.575000	381
114.575000	523
114.600000	165
114.600000	502
114.625000	145
114.625000	357
114.675000	280
114.675000	311
114.675000	345
114.750000	325
114.775000	394
114.775000	418
114.800000	500
114.900000	455
114.900000	501
114.925000	197
114.950000	263
114.975000	393
114.975000	504
115.025000	332
115.025000	441
115.100000	277
115.150000	249
115.150000	334
115.225000	368
115.250000	134
115.275000	160
115.275000	299
115.300000	294
115.375000	266
115.400000	351
115.450000	142
115.450000	283
115.450000	390
115.525000	414
115.575000	391
115.675000	309
115.750000	513
115.800000	319
115.850000	209
115.900000	191
115.900000	360
115.900000	402
115.975000	298
116.000000	181
116.000000	399
116.000000	401
116.050000	107
116.075000	231
116.075000	276
116.100000	423
116.125000	288
116.175000	373
116.200000	318
116.200000	505
116.225000	238
116.250000	144
116.275000	366
116.300000	370
116.300000	376
116.325000	432
116.350000	371
116.375000	216
116.450000	174
116.450000	291
116.475000	167
116.475000	267
116.550000	251
116.550000	425
116.575000	206
116.575000	275
116.650000	352
116.750000	236
116.850000	252
116.850000	384
116.900000	254
116.950000	300
117.175000	284
117.200000	327
117.225000	410
117.400000	331
117.400000	407
117.500000	293
117.525000	397
117.575000	278
117.625000	248
117.625000	321
117.700000	320
117.800000	200
117.875000	313
117.875000	503
117.900000	182
117.925000	496
117.950000	525
118.000000	377
118.025000	296
118.050000	177
118.100000	290
118.100000	310
118.125000	205
118.125000	244
118.125000	526
118.200000	125
118.200000	270
118.200000	359
118.275000	265
118.325000	382
118.325000	502
118.375000	178
118.400000	405
118.425000	193
118.475000	307
118.550000	232
118.550000	260
118.575000	341
118.575000	343
118.575000	375
118.600000	339
118.600000	504
118.625000	268
118.625000	431
118.650000	258
118.700000	329
118.750000	223
118.750000	226
118.775000	170
118.775000	367
118.775000	406
118.825000	118
118.825000	306
118.850000	430
118.875000	179
118.875000	524
118.975000	305
119.000000	151
119.100000	317
119.200000	138
119.250000	173
119.350000	308
119.350000	354
119.375000	172
119.400000	350
119.425000	302
119.450000	289
119.475000	115
119.500000	344
119.575000	380
119.650000	328
119.675000	282
119.725000	340
119.750000	233
119.750000	295
119.750000	346
119.925000	358
119.950000	372
119.975000	210
119.975000	449
120.000000	259
120.000000	261
120.075000	301
120.100000	349
120.175000	395
120.300000	330
120.325000	198
120.350000	501
120.375000	239
120.400000	337
120.400000	353
120.425000	461
120.450000	234
120.450000	285
120.475000	315
120.475000	411
120.525000	420
120.550000	304
120.550000	426
120.600000	152
120.675000	253
120.700000	116
120.700000	333
120.725000	220
120.750000	522
120.800000	374
120.850000	323
121.025000	398
121.075000	523
121.175000	400
121.275000	161
121.275000	235
121.325000	292
121.325000	355
121.350000	199
121.375000	427
121.475000	503
121.525000	338
121.650000	211
121.700000	286
121.725000	212
121.725000	241
121.750000	421
121.950000	287
122.000000	348
122.000000	442
122.100000	247
122.100000	316
122.150000	136
122.150000	218
122.150000	228
122.150000	281
122.150000	505
122.200000	342
122.300000	378
122.350000	502
122.375000	335
122.375000	336
122.425000	195
122.450000	175
122.475000	219
122.475000	364
122.475000	385
122.575000	504
122.675000	322
123.075000	332
123.125000	271
123.150000	273
123.225000	227
123.225000	237
123.250000	213
123.250000	266
123.250000	419
123.325000	166
123.325000	208
123.325000	357
123.375000	256
123.400000	155
123.400000	369
123.425000	309
123.425000	326
123.450000	319
123.475000	276
123.525000	272
123.525000	500
123.625000	312
123.650000	204
123.675000	158
123.700000	314
123.700000	356
123.700000	362
123.750000	186
123.825000	297
123.925000	277
123.950000	264
123.975000	279
124.000000	365
124.025000	214
124.050000	521
124.100000	250
124.175000	334
124.250000	387
124.275000	246
124.350000	303
124.475000	324
124.625000	187
124.675000	225
124.850000	274
124.925000	224
125.050000	288
125.150000	249
125.150000	345
125.175000	192
125.175000	255
125.225000	445
125.275000	231
125.275000	299
125.275000	325
125.325000	415
125.325000	525
125.450000	300
125.700000	230
125.925000	320
125.925000	381
125.950000	524
126.000000	446
126.050000	453
126.100000	501
126.150000	188
126.150000	318
126.175000	143
126.200000	368
126.275000	278
126.275000	389
126.300000	363
126.350000	504
126.400000	202
126.400000	503
126.475000	502
126.575000	526
126.600000	361
126.675000	284
126.675000	294
126.675000	360
126.700000	164
126.725000	245
126.825000	308
126.900000	311
126.950000	371
126.950000	404
127.050000	327
127.075000	222
127.075000	351
127.100000	408
127.125000	189
127.300000	302
127.325000	313
127.475000	243
127.525000	254
127.525000	267
127.550000	257
127.675000	298
127.675000	306
127.675000	321
127.725000	252
127.750000	352
127.775000	191
127.775000	282
127.875000	268
127.875000	391
127.925000	401
127.975000	377
128.050000	229
128.250000	196
128.300000	317
128.400000	203
128.450000	162
128.450000	260
128.500000	283
128.625000	265
128.725000	262
128.775000	331
128.800000	375
128.900000	406
129.000000	236
129.025000	242
129.050000	275
129.100000	280
129.125000	263
129.125000	354
129.175000	184
129.200000	370
129.225000	505
129.275000	293
129.575000	269
129.575000	290
129.600000	197
129.625000	310
129.725000	295
129.725000	394
129.775000	341
129.875000	180
129.875000	355
129.975000	226
130.125000	304
130.125000	358
130.250000	503
130.275000	240
130.325000	270
130.350000	291
130.375000	343
130.425000	215
130.450000	223
130.450000	337
130.575000	504
130.625000	383
130.650000	289
130.650000	301
130.750000	207
130.875000	259
130.875000	523
130.925000	201
131.075000	344
131.075000	418
131.100000	410
131.125000	367
131.150000	315
131.200000	328
131.225000	382
131.350000	248
131.350000	502
131.400000	390
131.450000	239
131.475000	287
131.500000	316
131.650000	286
131.700000	350
131.825000	235
131.850000	127
131.950000	305
131.975000	374
132.025000	232
132.075000	309
132.100000	251
132.150000	281
132.175000	234
132.175000	276
132.300000	330
132.425000	397
132.475000	372
132.625000	266
132.650000	172
132.650000	253
132.725000	182
132.800000	329
132.825000	357
132.850000	216
133.050000	258
133.275000	384
133.300000	277
133.325000	244
133.450000	366
133.475000	261
133.475000	501
133.500000	376
133.525000	185
133.550000	238
133.600000	217
133.700000	332
133.775000	206
133.850000	319
133.850000	405
133.900000	288
133.950000	322
134.125000	256
134.200000	272
134.225000	425
134.225000	525
134.250000	177
134.250000	285
134.300000	522
134.600000	524
134.675000	273
134.700000	264
134.900000	271
135.050000	334
135.225000	211
135.225000	504
135.375000	359
135.400000	503
135.500000	278
135.500000	323
135.625000	348
135.675000	249
135.675000	356
135.675000	393
135.700000	209
135.725000	333
135.775000	339
135.825000	502
135.850000	342
135.875000	247
135.925000	338
135.950000	200
135.950000	297
135.975000	308
136.050000	320
136.075000	340
136.100000	300
136.275000	326
136.375000	346
136.425000	241
136.425000	347
136.475000	364
136.575000	307
136.575000	386
136.600000	279
136.625000	292
136.675000	231
136.675000	345
136.775000	299
136.825000	220
136.825000	378
136.850000	313
136.875000	284
136.900000	409
136.925000	213
136.950000	212
137.050000	423
137.100000	353
137.225000	227
137.250000	228
137.300000	233
137.400000	204
137.525000	335
137.575000	282
137.800000	268
137.975000	198
138.175000	302
138.200000	303
138.250000	324
138.300000	317
138.400000	296
138.500000	210
138.575000	306
138.975000	505
139.050000	504
139.075000	225
139.075000	327
139.225000	312
139.250000	214
139.375000	252
139.650000	318
139.725000	298
139.750000	349
139.825000	325
139.975000	321
139.975000	362
140.075000	245
140.125000	260
140.225000	274
140.225000	387
140.275000	255
140.450000	501
140.475000	316
140.525000	355
140.675000	503
140.725000	304
141.075000	502
141.175000	265
141.250000	237
141.325000	250
141.350000	365
141.475000	352
141.600000	287
141.650000	354
141.650000	406
141.775000	267
141.975000	344
142.050000	343
142.200000	358
142.275000	360
142.325000	259
142.525000	283
142.550000	314
142.575000	295
142.600000	309
142.650000	246
142.675000	290
142.700000	368
142.825000	301
142.900000	266
142.925000	294
143.075000	276
143.350000	248
143.375000	223
143.450000	275
143.475000	319
143.500000	199
143.550000	336
143.700000	193
143.725000	288
143.750000	315
144.075000	357
144.125000	341
144.150000	351
144.350000	218
144.450000	504
144.475000	226
144.475000	310
144.475000	331
144.500000	281
144.525000	337
144.525000	372
144.650000	236
144.700000	375
144.750000	289
145.000000	377
145.250000	361
145.275000	277
145.375000	293
145.400000	286
145.500000	391
145.775000	240
145.825000	332
145.900000	254
145.975000	503
146.175000	311
146.175000	322
146.300000	502
146.475000	308
146.625000	239
146.775000	270
146.800000	505
146.925000	235
147.200000	330
147.375000	258
147.475000	320
147.500000	278
147.625000	256
147.875000	374
147.900000	329
147.975000	272
148.275000	317
148.350000	380
148.550000	234
148.650000	262
148.725000	263
148.800000	264
149.100000	370
149.150000	313
149.200000	501
149.275000	268
149.675000	350
149.700000	345
149.750000	273
149.750000	284
150.025000	302
150.125000	280
150.175000	282
150.350000	326
150.475000	249
150.600000	300
150.625000	271
151.000000	299
151.225000	504
151.350000	269
151.350000	334
151.475000	261
151.525000	257
151.625000	327
152.025000	243
152.125000	502
153.000000	285
153.000000	355
153.075000	503
153.125000	363
153.225000	348
153.700000	297
153.825000	292
153.925000	304
154.025000	306
154.200000	305
154.250000	328
154.700000	276
154.750000	291
154.825000	303
155.225000	260
155.225000	382
155.500000	316
155.825000	287
155.925000	340
156.150000	323
156.250000	298
156.400000	318
156.650000	283
156.850000	309
157.000000	295
157.275000	504
158.875000	319
159.000000	290
159.050000	266
159.100000	325
159.275000	333
159.350000	277
160.025000	321
160.450000	289
160.550000	244
161.625000	502
161.950000	503
162.225000	315
162.475000	301
163.525000	288
163.825000	281
164.175000	308
166.325000	332
169.950000	304
