11.775000	500
11.775000	501
13.025000	0
13.025000	1
13.025000	2
13.025000	3
13.025000	4
13.025000	5
13.025000	6
13.025000	7
13.025000	8
13.025000	9
13.025000	10
13.025000	11
13.025000	12
13.025000	13
13.025000	14
13.025000	15
13.025000	16
13.025000	17
13.025000	18
13.025000	19
13.025000	20
13.025000	21
13.025000	22
13.025000	23
13.025000	24
13.025000	25
13.025000	26
13.025000	27
13.025000	28
13.025000	29
13.025000	30
13.025000	31
13.025000	32
13.025000	33
13.025000	34
13.025000	35
13.025000	36
13.025000	37
13.025000	38
13.025000	39
13.025000	40
13.025000	41
13.025000	42
13.025000	43
13.025000	44
13.025000	45
13.025000	46
13.025000	47
13.025000	48
13.025000	49
13.025000	50
13.025000	51
13.025000	52
13.025000	53
13.025000	54
13.025000	55
13.025000	56
13.025000	57
13.025000	58
13.025000	59
13.025000	60
13.025000	61
13.025000	62
13.025000	63
13.025000	64
13.025000	65
13.025000	66
13.025000	67
13.025000	68
13.025000	69
13.025000	70
13.025000	71
13.025000	72
13.025000	73
13.025000	74
13.025000	75
13.025000	76
13.025000	77
13.025000	78
13.025000	79
13.025000	80
13.025000	81
13.025000	82
13.025000	83
13.025000	84
13.025000	85
13.025000	86
13.025000	87
13.025000	88
13.025000	89
13.025000	90
13.025000	91
13.025000	92
13.025000	93
13.025000	94
13.025000	95
13.025000	96
13.025000	97
13.025000	98
13.025000	99
13.025000	100
14.425000	505
14.750000	500
14.750000	501
15.050000	502
15.650000	521
15.675000	523
15.725000	522
15.750000	526
15.850000	525
17.225000	492
17.425000	101
18.100000	113
18.750000	114
18.900000	495
19.000000	103
19.350000	47
19.350000	109
19.725000	28
20.150000	50
20.225000	64
20.250000	105
20.425000	46
20.600000	33
20.650000	39
20.775000	43
20.775000	45
20.825000	41
20.825000	48
20.925000	493
21.100000	62
21.150000	71
21.175000	32
21.175000	44
21.250000	59
21.300000	35
21.325000	37
21.350000	10
21.350000	42
21.425000	499
21.525000	54
21.550000	13
21.625000	94
21.675000	23
21.675000	38
21.675000	501
21.750000	104
21.775000	16
21.775000	52
21.775000	110
21.800000	20
21.800000	123
21.825000	72
21.900000	49
21.925000	36
21.925000	500
21.975000	87
22.075000	66
22.075000	75
22.125000	25
22.200000	40
22.200000	58
22.225000	27
22.275000	26
22.300000	21
22.350000	69
22.375000	76
22.400000	61
22.450000	57
22.450000	488
22.450000	494
22.500000	24
22.525000	19
22.525000	482
22.550000	88
22.550000	115
22.550000	483
22.600000	508
22.625000	5
22.650000	83
22.675000	77
22.675000	91
22.725000	15
22.725000	65
22.725000	74
22.725000	92
22.775000	96
22.800000	84
22.800000	106
22.875000	60
22.925000	18
23.125000	98
23.175000	51
23.200000	31
23.200000	56
23.200000	505
23.275000	82
23.325000	3
23.325000	9
23.350000	100
23.350000	121
23.500000	11
23.500000	55
23.575000	8
23.600000	63
23.675000	90
23.700000	4
23.725000	67
23.725000	80
23.850000	79
23.975000	133
24.250000	498
24.275000	2
24.375000	85
24.400000	30
24.450000	95
24.475000	29
24.475000	99
24.525000	34
24.525000	97
24.550000	86
24.600000	81
24.975000	502
25.000000	470
25.100000	12
25.100000	78
25.175000	466
25.225000	478
25.300000	526
25.325000	17
25.350000	68
25.350000	501
25.400000	521
25.650000	22
25.675000	1
25.675000	523
25.700000	522
25.850000	120
25.900000	497
25.950000	116
26.050000	14
26.050000	70
26.050000	487
26.050000	500
26.075000	469
26.100000	484
26.150000	93
26.200000	7
26.200000	47
26.225000	119
26.250000	525
26.325000	101
26.350000	464
26.400000	28
26.475000	476
26.525000	0
26.550000	108
26.550000	492
26.625000	73
26.950000	507
27.025000	486
27.175000	89
27.175000	107
27.450000	491
27.500000	495
27.525000	6
27.550000	122
27.600000	50
27.650000	137
27.650000	139
27.725000	64
27.800000	33
27.825000	504
27.850000	46
28.100000	113
28.100000	125
28.225000	458
28.275000	114
28.275000	467
28.375000	474
28.400000	472
28.500000	53
28.550000	39
28.625000	43
28.675000	45
28.675000	111
28.700000	48
28.925000	128
28.975000	460
29.075000	41
29.075000	505
29.100000	480
29.150000	468
29.225000	62
29.225000	524
29.300000	103
29.325000	109
29.425000	475
29.500000	59
29.550000	32
29.600000	44
29.650000	10
29.675000	124
29.750000	35
29.750000	37
29.800000	71
29.875000	94
30.100000	473
30.275000	42
30.325000	140
30.500000	23
30.500000	54
30.500000	465
30.500000	496
30.550000	506
30.600000	489
30.625000	13
30.625000	21
30.650000	500
30.825000	501
30.900000	38
30.950000	129
30.975000	87
31.125000	123
31.150000	72
31.150000	490
31.175000	138
31.225000	52
31.400000	16
31.400000	20
31.425000	471
31.450000	40
31.525000	76
31.675000	105
31.725000	26
31.725000	49
31.775000	83
31.800000	131
31.825000	66
31.850000	75
31.900000	457
31.925000	5
31.950000	149
32.000000	25
32.125000	117
32.125000	481
32.200000	58
32.200000	479
32.275000	96
32.275000	449
32.375000	27
32.400000	15
32.425000	88
32.450000	77
32.475000	36
32.650000	9
32.650000	69
32.675000	91
32.700000	4
32.700000	455
32.775000	19
32.875000	461
33.000000	141
33.050000	115
33.100000	104
33.100000	144
33.175000	3
33.175000	24
33.175000	521
33.250000	18
33.550000	61
33.550000	493
33.625000	526
33.650000	502
33.725000	60
33.775000	57
33.875000	65
33.900000	452
33.900000	498
33.950000	82
33.975000	74
33.975000	132
34.025000	28
34.050000	505
34.125000	8
34.125000	488
34.175000	47
34.175000	483
34.200000	84
34.200000	130
34.300000	499
34.350000	11
34.450000	106
34.450000	126
34.525000	112
34.625000	110
34.650000	160
34.650000	438
34.650000	477
34.850000	102
34.875000	98
34.900000	51
34.900000	500
34.925000	501
34.950000	97
34.950000	522
34.975000	99
34.975000	523
35.050000	56
35.150000	487
35.300000	80
35.350000	470
35.400000	492
35.450000	31
35.600000	79
35.600000	95
35.600000	525
35.650000	50
35.650000	92
35.650000	459
35.675000	101
35.750000	67
35.750000	90
35.775000	133
35.800000	494
35.825000	55
35.875000	81
35.950000	100
35.950000	453
36.000000	63
36.050000	121
36.075000	2
36.075000	135
36.075000	448
36.150000	127
36.150000	469
36.175000	495
36.250000	482
36.325000	484
36.350000	119
36.400000	46
36.400000	85
36.450000	33
36.525000	86
36.600000	64
36.675000	29
36.775000	463
36.850000	478
36.900000	165
36.900000	485
36.950000	48
37.150000	17
37.200000	504
37.225000	116
37.450000	464
37.475000	39
37.525000	148
37.550000	142
37.700000	466
37.725000	486
37.775000	107
37.825000	45
37.875000	458
37.975000	43
38.025000	108
38.025000	118
38.100000	41
38.100000	120
38.150000	68
38.225000	491
38.475000	59
38.500000	497
38.525000	94
38.650000	1
38.675000	476
38.725000	500
38.750000	30
38.800000	12
38.800000	62
38.800000	125
38.875000	114
38.900000	6
38.900000	505
39.000000	35
39.100000	139
39.125000	122
39.125000	433
39.125000	445
39.175000	158
39.225000	137
39.450000	32
39.450000	109
39.475000	480
39.525000	113
39.525000	521
39.550000	34
39.650000	37
39.650000	447
39.675000	467
39.725000	128
39.750000	42
39.750000	502
39.775000	123
39.800000	44
39.800000	93
39.800000	474
39.850000	454
39.875000	87
39.875000	103
39.875000	460
39.900000	21
39.900000	78
39.925000	164
39.950000	159
39.950000	524
40.000000	10
40.075000	150
40.075000	472
40.125000	71
40.225000	89
40.375000	468
40.400000	23
40.400000	501
40.475000	473
40.500000	111
40.675000	442
40.700000	444
40.825000	7
40.875000	134
40.875000	440
40.900000	38
40.950000	76
40.950000	475
41.000000	124
41.050000	526
41.200000	83
41.200000	471
41.250000	91
41.325000	5
41.450000	52
41.550000	16
41.550000	489
41.575000	73
41.600000	54
41.625000	88
41.725000	426
41.775000	49
41.875000	432
41.875000	439
42.000000	70
42.000000	490
42.025000	75
42.050000	96
42.075000	72
42.075000	450
42.100000	20
42.125000	15
42.250000	4
42.275000	28
42.350000	40
42.375000	105
42.450000	13
42.500000	129
42.525000	481
42.525000	496
42.550000	9
42.550000	522
42.600000	115
42.600000	449
42.625000	22
42.650000	77
42.725000	138
42.775000	0
42.825000	47
42.975000	19
43.025000	14
43.025000	131
43.025000	498
43.050000	3
43.100000	500
43.125000	152
43.150000	167
43.175000	151
43.350000	27
43.350000	457
43.375000	505
43.400000	523
43.450000	140
43.600000	25
43.600000	26
43.700000	50
43.700000	455
43.750000	441
43.850000	162
43.900000	487
43.925000	461
44.050000	173
44.100000	132
44.150000	117
44.150000	483
44.300000	36
44.350000	58
44.375000	66
44.400000	104
44.425000	24
44.475000	154
44.500000	141
44.500000	525
44.525000	452
44.550000	149
44.550000	492
44.600000	504
44.700000	61
44.725000	18
44.800000	488
44.825000	46
44.925000	84
44.975000	60
44.975000	501
45.050000	69
45.075000	74
45.100000	155
45.175000	144
45.425000	451
45.450000	465
45.525000	97
45.600000	470
45.650000	416
45.675000	33
45.700000	143
45.750000	484
45.800000	64
45.850000	495
46.000000	110
46.025000	98
46.025000	106
46.075000	493
46.100000	82
46.100000	99
46.175000	39
46.250000	424
46.300000	469
46.400000	11
46.400000	145
46.450000	8
46.500000	499
46.575000	168
46.600000	458
46.625000	453
46.650000	101
46.675000	126
46.750000	456
46.800000	479
46.800000	521
46.850000	65
46.925000	135
47.000000	146
47.000000	160
47.075000	119
47.175000	464
47.225000	57
47.350000	48
47.350000	95
47.425000	41
47.450000	127
47.450000	478
47.475000	500
47.525000	80
47.550000	81
47.650000	170
47.650000	477
47.750000	125
47.750000	157
47.775000	502
47.775000	518
47.800000	526
47.900000	486
47.925000	45
47.950000	133
48.000000	480
48.025000	43
48.025000	79
48.025000	482
48.050000	56
48.050000	459
48.075000	438
48.100000	116
48.150000	112
48.250000	94
48.275000	2
48.375000	153
48.475000	121
48.475000	178
48.475000	186
48.500000	165
48.625000	430
48.675000	90
48.675000	467
48.700000	448
48.725000	466
48.750000	148
48.775000	120
48.800000	130
48.875000	412
48.925000	463
49.000000	55
49.075000	35
49.125000	505
49.225000	86
49.225000	491
49.250000	63
49.275000	524
49.375000	85
49.400000	51
49.425000	59
49.425000	102
49.475000	109
49.500000	67
49.500000	501
49.550000	172
49.650000	87
49.650000	142
49.675000	100
49.700000	522
49.725000	107
49.825000	31
49.975000	158
50.025000	476
50.075000	474
50.125000	445
50.150000	114
50.150000	485
50.175000	473
50.225000	17
50.275000	139
50.325000	10
50.350000	5
50.375000	29
50.425000	437
50.450000	150
50.475000	123
50.575000	128
50.600000	91
50.625000	21
50.675000	92
50.700000	37
50.700000	164
50.775000	434
50.800000	62
50.800000	163
50.825000	32
50.925000	137
50.950000	504
51.025000	462
51.125000	122
51.175000	460
51.275000	28
51.500000	175
51.575000	124
51.575000	415
51.575000	500
51.600000	108
51.600000	166
51.600000	179
51.725000	468
51.725000	471
51.775000	174
51.800000	1
51.800000	76
51.825000	111
51.875000	16
51.950000	88
52.025000	191
52.125000	3
52.125000	156
52.150000	425
52.150000	443
52.175000	187
52.175000	472
52.175000	523
52.275000	414
52.350000	4
52.350000	6
52.500000	481
52.525000	9
52.550000	442
52.550000	444
52.575000	71
52.575000	105
52.575000	497
52.625000	96
52.675000	115
52.750000	23
52.750000	83
52.775000	44
52.775000	159
52.800000	12
52.800000	138
52.825000	510
52.900000	42
52.925000	113
53.075000	129
53.075000	487
53.150000	449
53.175000	490
53.300000	103
53.325000	184
53.350000	521
53.400000	502
53.400000	525
53.425000	89
53.450000	492
53.525000	68
53.525000	447
53.525000	489
53.550000	496
53.625000	169
53.700000	118
53.700000	411
53.700000	483
53.725000	136
53.825000	49
53.875000	505
53.900000	52
53.925000	509
53.950000	38
53.975000	93
53.975000	132
54.000000	433
54.075000	446
54.100000	134
54.100000	498
54.100000	511
54.175000	77
54.175000	526
54.225000	151
54.250000	75
54.275000	501
54.375000	20
54.450000	50
54.475000	167
54.475000	426
54.475000	455
54.475000	484
54.500000	131
54.500000	454
54.525000	423
54.525000	457
54.600000	15
54.625000	19
54.650000	40
54.700000	47
54.825000	72
54.825000	432
54.900000	141
54.950000	413
54.975000	404
55.050000	152
55.250000	143
55.275000	13
55.300000	408
55.325000	149
55.375000	147
55.375000	440
55.425000	458
55.525000	33
55.600000	461
55.625000	54
55.700000	26
55.700000	135
55.750000	64
55.825000	452
55.825000	480
55.925000	117
55.950000	125
56.025000	470
56.075000	27
56.100000	46
56.100000	144
56.100000	421
56.125000	431
56.125000	475
56.200000	503
56.450000	500
56.475000	435
56.500000	104
56.500000	161
56.600000	469
56.675000	522
56.700000	195
56.750000	140
56.775000	162
56.800000	155
56.800000	488
56.850000	451
56.950000	61
57.000000	441
57.075000	504
57.100000	84
57.125000	495
57.200000	524
57.225000	405
57.250000	106
57.300000	97
57.350000	78
57.350000	133
57.350000	494
57.400000	25
57.400000	98
57.475000	467
57.525000	436
57.600000	39
57.600000	419
57.600000	459
57.725000	453
57.725000	520
57.750000	160
57.750000	464
57.825000	60
57.850000	58
57.950000	127
58.025000	18
58.025000	110
58.100000	206
58.125000	119
58.175000	74
58.200000	181
58.200000	478
58.250000	439
58.275000	165
58.275000	173
58.325000	126
58.450000	183
58.475000	109
58.550000	400
58.650000	170
58.700000	417
58.725000	463
58.775000	11
58.825000	101
58.850000	427
58.850000	486
58.875000	148
58.950000	5
58.950000	154
59.000000	87
59.000000	99
59.050000	505
59.075000	501
59.150000	407
59.250000	192
59.300000	168
59.375000	473
59.525000	158
59.600000	8
59.625000	116
59.650000	82
59.675000	36
59.675000	41
59.675000	94
59.725000	121
59.750000	66
59.750000	502
59.825000	200
59.850000	521
59.875000	14
59.900000	499
59.925000	491
59.975000	139
59.975000	456
60.000000	157
60.000000	196
60.025000	45
60.050000	95
60.075000	448
60.100000	178
60.125000	466
60.200000	142
60.200000	465
60.225000	176
60.250000	397
60.375000	120
60.400000	48
60.450000	69
60.475000	150
60.500000	477
60.625000	482
60.625000	523
60.650000	123
60.700000	24
60.775000	471
60.775000	500
60.850000	493
60.875000	526
60.900000	145
60.975000	35
61.000000	420
61.050000	80
61.075000	3
61.125000	416
61.225000	57
61.225000	460
61.300000	30
61.300000	474
61.325000	164
61.325000	445
61.375000	34
61.475000	450
61.500000	438
61.725000	91
61.725000	401
61.750000	2
61.750000	10
61.750000	449
61.775000	525
61.825000	409
61.925000	81
61.925000	479
62.050000	43
62.075000	137
62.225000	172
62.250000	437
62.300000	197
62.350000	88
62.375000	153
62.375000	492
62.400000	130
62.425000	4
62.425000	107
62.425000	487
62.450000	412
62.600000	468
62.650000	28
62.650000	179
62.700000	7
62.700000	59
62.700000	105
62.775000	114
62.775000	124
62.850000	128
62.850000	424
62.900000	210
62.975000	122
63.025000	481
63.050000	79
63.150000	501
63.225000	425
63.250000	138
63.350000	63
63.350000	180
63.375000	202
63.375000	446
63.425000	444
63.450000	483
63.575000	186
63.625000	209
63.625000	485
63.650000	476
63.675000	159
63.725000	96
63.725000	174
63.725000	522
63.800000	166
63.800000	505
63.850000	16
63.850000	504
63.925000	32
63.925000	430
63.975000	129
63.975000	455
64.000000	402
64.075000	73
64.075000	496
64.100000	65
64.125000	429
64.175000	184
64.225000	37
64.225000	111
64.225000	443
64.225000	457
64.250000	151
64.275000	9
64.300000	503
64.325000	191
64.325000	454
64.375000	100
64.375000	156
64.400000	67
64.400000	418
64.425000	135
64.450000	102
64.475000	484
64.600000	62
64.625000	108
64.700000	472
64.725000	175
64.775000	55
64.800000	115
64.825000	185
64.850000	0
64.850000	524
64.900000	182
64.900000	500
64.975000	90
65.000000	396
65.025000	143
65.075000	6
65.075000	85
65.250000	519
65.300000	23
65.325000	469
65.350000	433
65.375000	434
65.375000	458
65.400000	167
65.400000	193
65.400000	442
65.425000	29
65.425000	415
65.450000	21
65.475000	426
65.600000	83
65.750000	56
65.800000	125
65.825000	141
65.825000	502
65.875000	86
65.900000	53
65.925000	64
65.950000	470
66.000000	414
66.075000	17
66.175000	201
66.200000	47
66.200000	392
66.200000	480
66.200000	490
66.250000	132
66.275000	521
66.300000	76
66.300000	432
66.475000	134
66.550000	146
66.550000	195
66.575000	40
66.675000	152
66.700000	187
66.725000	149
66.775000	31
66.775000	411
66.850000	406
66.900000	404
66.900000	489
66.950000	214
66.975000	163
66.975000	447
67.000000	70
67.025000	131
67.050000	389
67.100000	461
67.200000	451
67.325000	501
67.350000	33
67.375000	423
67.525000	505
67.575000	117
67.650000	1
67.650000	211
67.700000	103
67.700000	133
67.775000	144
67.775000	452
67.800000	112
67.800000	498
67.825000	44
67.850000	222
67.875000	19
67.900000	15
67.900000	118
67.950000	155
67.975000	405
68.000000	467
68.000000	526
68.075000	50
68.100000	165
68.100000	441
68.125000	13
68.125000	20
68.125000	369
68.225000	113
68.250000	38
68.250000	161
68.250000	525
68.275000	523
68.325000	431
68.350000	158
68.450000	390
68.475000	71
68.575000	75
68.600000	459
68.650000	394
68.675000	26
68.675000	160
68.725000	77
68.725000	464
68.800000	393
68.800000	413
68.975000	136
68.975000	475
69.000000	162
69.025000	495
69.150000	488
69.250000	440
69.300000	399
69.325000	177
69.350000	46
69.350000	497
69.400000	223
69.425000	72
69.450000	5
69.475000	127
69.500000	463
69.525000	500
69.550000	106
69.575000	408
69.600000	119
69.650000	170
69.725000	148
69.750000	147
69.875000	403
69.900000	220
69.925000	87
69.950000	109
70.100000	54
70.100000	473
70.200000	504
70.275000	439
70.325000	376
70.325000	395
70.350000	478
70.350000	522
70.375000	12
70.425000	225
70.500000	89
70.625000	154
70.650000	94
70.650000	104
70.675000	92
70.675000	204
70.750000	84
70.750000	471
70.800000	192
70.825000	502
70.850000	453
70.875000	486
70.925000	121
70.925000	164
70.975000	419
71.000000	42
71.075000	448
71.150000	205
71.175000	97
71.225000	51
71.225000	232
71.225000	400
71.275000	449
71.350000	375
71.350000	407
71.375000	27
71.375000	218
71.400000	52
71.400000	61
71.400000	173
71.425000	101
71.425000	150
71.450000	49
71.450000	501
71.500000	189
71.525000	235
71.550000	98
71.550000	460
71.650000	110
71.650000	203
71.725000	123
71.725000	503
71.750000	39
71.750000	435
71.750000	524
71.800000	116
71.950000	505
71.975000	3
71.975000	140
72.050000	445
72.100000	142
72.200000	492
72.275000	360
72.300000	401
72.350000	139
72.350000	417
72.375000	172
72.425000	397
72.425000	421
72.450000	521
72.500000	378
72.525000	60
72.550000	425
72.675000	178
72.675000	427
72.700000	18
72.725000	213
72.750000	120
72.800000	126
72.850000	422
72.900000	474
72.950000	35
73.000000	157
73.025000	227
73.025000	398
73.175000	437
73.200000	382
73.200000	384
73.250000	487
73.275000	138
73.325000	446
73.350000	10
73.450000	45
73.500000	99
73.525000	181
73.575000	380
73.725000	153
73.750000	179
73.800000	500
73.825000	455
73.825000	482
73.850000	11
73.875000	74
73.925000	456
73.950000	200
74.075000	58
74.150000	199
74.150000	364
74.175000	68
74.175000	217
74.200000	381
74.200000	466
74.275000	169
74.325000	91
74.450000	438
74.525000	159
74.525000	526
74.575000	95
74.575000	491
74.600000	368
74.625000	41
74.625000	168
74.650000	215
74.650000	216
74.675000	4
74.700000	88
74.725000	143
74.775000	137
74.800000	135
74.800000	477
74.825000	96
74.875000	496
74.900000	174
74.925000	409
74.950000	93
74.950000	145
75.100000	444
75.100000	481
75.125000	188
75.200000	151
75.225000	465
75.250000	483
75.300000	166
75.325000	198
75.350000	525
75.400000	25
75.425000	22
75.450000	129
75.525000	48
75.600000	105
75.600000	356
75.600000	523
75.625000	122
75.775000	82
75.775000	501
75.850000	115
75.850000	210
75.875000	167
75.875000	454
75.875000	458
75.925000	352
75.975000	468
76.000000	412
76.000000	426
76.050000	208
76.050000	504
76.125000	57
76.125000	416
76.150000	183
76.225000	28
76.250000	371
76.250000	432
76.275000	418
76.325000	186
76.375000	502
76.400000	457
76.425000	114
76.475000	202
76.575000	69
76.600000	37
76.600000	124
76.600000	228
76.700000	125
76.700000	184
76.700000	212
76.750000	385
76.750000	469
76.950000	406
77.000000	505
77.050000	193
77.075000	429
77.175000	156
77.175000	206
77.175000	450
77.250000	182
77.250000	207
77.300000	402
77.375000	387
77.400000	430
77.525000	79
77.525000	130
77.600000	195
77.625000	107
77.625000	522
77.650000	190
77.775000	2
77.775000	499
77.850000	372
77.875000	36
77.900000	443
77.925000	472
77.975000	9
78.025000	128
78.025000	152
78.050000	480
78.075000	415
78.150000	141
78.150000	433
78.175000	47
78.175000	180
78.200000	470
78.225000	158
78.250000	383
78.250000	451
78.275000	411
78.275000	484
78.375000	503
78.400000	16
78.400000	476
78.475000	500
78.550000	420
78.575000	191
78.650000	374
78.675000	176
78.700000	187
78.700000	521
78.725000	390
78.725000	442
78.800000	524
78.850000	133
78.850000	362
78.925000	8
78.925000	386
78.950000	423
78.975000	78
79.000000	111
79.000000	149
79.125000	405
79.150000	59
79.150000	185
79.175000	108
79.250000	238
79.350000	197
79.375000	170
79.425000	467
79.500000	83
79.500000	165
79.550000	436
79.600000	43
79.600000	175
79.600000	414
79.625000	434
79.650000	479
79.725000	24
79.750000	214
79.775000	80
79.825000	163
79.900000	171
79.900000	239
80.000000	23
80.000000	370
80.025000	501
80.050000	100
80.075000	32
80.125000	155
80.225000	264
80.250000	160
80.250000	358
80.275000	367
80.275000	404
80.325000	5
80.325000	424
80.325000	431
80.450000	66
80.625000	461
80.700000	81
80.775000	447
80.850000	396
80.875000	131
80.975000	144
80.975000	231
81.025000	132
81.100000	505
81.175000	134
81.250000	164
81.275000	64
81.350000	148
81.425000	502
81.450000	388
81.475000	161
81.500000	162
81.525000	177
81.600000	204
81.650000	452
81.675000	441
81.850000	172
81.850000	408
81.850000	526
81.875000	392
81.925000	154
81.925000	425
82.025000	196
82.025000	249
82.050000	377
82.075000	192
82.100000	395
82.100000	400
82.125000	504
82.150000	366
82.175000	222
82.200000	345
82.200000	401
82.225000	209
82.225000	353
82.225000	354
82.225000	463
82.250000	173
82.250000	359
82.300000	448
82.300000	525
82.350000	464
82.375000	211
82.375000	220
82.450000	75
82.450000	389
82.475000	523
82.525000	489
82.625000	391
82.650000	67
82.650000	403
82.750000	369
82.800000	87
82.825000	393
82.850000	485
82.900000	123
82.925000	230
82.975000	473
83.050000	150
83.200000	139
83.225000	103
83.250000	121
83.300000	449
83.300000	478
83.325000	147
83.325000	439
83.325000	500
83.425000	21
83.475000	50
83.550000	119
83.550000	394
83.575000	179
83.600000	375
83.650000	117
83.675000	225
83.750000	201
83.750000	242
83.775000	413
83.775000	460
83.875000	360
83.875000	453
83.900000	487
83.950000	407
83.975000	365
83.975000	488
84.000000	136
84.075000	397
84.125000	445
84.150000	203
84.175000	76
84.175000	492
84.250000	178
84.275000	376
84.300000	127
84.350000	503
84.375000	159
84.375000	437
84.425000	138
84.450000	205
84.525000	62
84.700000	146
84.700000	459
84.750000	223
84.775000	234
84.775000	399
84.825000	200
84.825000	350
84.850000	475
84.900000	116
84.950000	157
84.950000	361
85.025000	471
85.100000	229
85.100000	501
85.150000	153
85.200000	382
85.225000	251
85.325000	232
85.325000	235
85.375000	151
85.375000	505
85.400000	490
85.425000	521
85.450000	524
85.475000	384
85.500000	210
85.525000	409
85.650000	102
85.725000	101
85.750000	378
85.800000	522
85.825000	410
85.850000	446
85.900000	33
85.925000	167
85.975000	422
86.000000	3
86.050000	97
86.050000	218
86.075000	142
86.075000	199
86.075000	227
86.100000	432
86.125000	455
86.175000	427
86.300000	118
86.400000	166
86.450000	109
86.575000	236
86.575000	406
86.625000	143
86.650000	426
86.675000	213
86.700000	373
86.700000	502
86.850000	504
86.875000	428
86.900000	125
86.950000	113
86.975000	368
87.100000	120
87.100000	181
87.100000	444
87.150000	421
87.200000	356
87.225000	266
87.225000	381
87.275000	193
87.425000	198
87.475000	346
87.500000	195
87.525000	412
87.525000	418
87.550000	94
87.575000	380
87.625000	363
87.625000	474
87.650000	355
87.675000	106
87.725000	96
87.725000	174
87.750000	233
87.850000	349
87.925000	86
88.050000	135
88.125000	435
88.225000	122
88.225000	216
88.225000	429
88.250000	182
88.250000	237
88.275000	486
88.275000	500
88.400000	419
88.450000	188
88.525000	458
88.650000	364
88.650000	454
88.700000	398
88.725000	430
88.775000	184
88.775000	212
88.800000	202
88.825000	186
88.950000	189
88.975000	332
89.000000	344
89.000000	357
89.000000	525
89.025000	417
89.100000	115
89.100000	372
89.150000	158
89.175000	526
89.450000	411
89.475000	217
89.475000	390
89.475000	496
89.500000	221
89.525000	371
89.650000	40
89.700000	374
89.725000	352
89.725000	387
89.750000	129
89.825000	423
89.900000	140
89.925000	252
89.950000	334
90.000000	170
90.025000	250
90.050000	248
90.050000	501
90.125000	228
90.125000	256
90.150000	191
90.175000	215
90.200000	431
90.200000	523
90.225000	505
90.275000	226
90.325000	477
90.400000	110
90.425000	260
90.425000	503
90.500000	206
90.500000	385
90.500000	416
90.525000	480
90.550000	259
90.700000	156
90.725000	208
90.725000	337
90.725000	358
90.775000	35
90.825000	405
90.850000	370
90.950000	207
91.000000	383
91.075000	152
91.200000	19
91.200000	402
91.325000	438
91.375000	415
91.475000	145
91.500000	451
91.500000	502
91.575000	414
91.700000	456
91.725000	440
91.750000	187
91.750000	420
91.775000	144
91.800000	367
91.825000	400
91.900000	183
92.025000	342
92.100000	172
92.125000	137
92.125000	395
92.150000	185
92.150000	524
92.200000	264
92.250000	204
92.275000	133
92.325000	521
92.350000	362
92.350000	404
92.375000	504
92.400000	165
92.400000	219
92.425000	246
92.425000	442
92.450000	160
92.475000	331
92.500000	77
92.500000	180
92.500000	328
92.575000	340
92.600000	192
92.600000	425
92.750000	211
92.925000	214
92.950000	401
92.975000	375
93.000000	105
93.025000	351
93.125000	162
93.125000	379
93.225000	253
93.275000	377
93.325000	164
93.325000	254
93.375000	161
93.450000	443
93.475000	397
93.500000	175
93.575000	149
93.575000	481
93.600000	457
93.800000	434
93.900000	272
93.975000	382
94.100000	389
94.175000	154
94.175000	169
94.175000	393
94.225000	177
94.300000	465
94.475000	163
94.475000	220
94.500000	353
94.525000	159
94.525000	268
94.575000	231
94.600000	462
94.725000	179
94.850000	345
94.850000	522
94.925000	452
94.975000	225
95.025000	469
95.100000	360
95.100000	501
95.125000	500
95.150000	131
95.225000	505
95.250000	320
95.275000	394
95.325000	503
95.400000	406
95.475000	111
95.475000	203
95.475000	354
95.550000	525
95.575000	104
95.575000	168
95.600000	470
95.625000	318
95.625000	391
95.675000	238
95.675000	408
95.750000	388
95.875000	369
96.000000	386
96.025000	288
96.100000	230
96.125000	173
96.125000	396
96.150000	223
96.175000	200
96.225000	171
96.300000	366
96.300000	378
96.325000	392
96.350000	197
96.375000	384
96.400000	209
96.425000	399
96.450000	376
96.450000	502
96.525000	239
96.525000	281
96.525000	447
96.575000	138
96.625000	261
96.650000	126
96.650000	150
96.650000	359
96.675000	178
96.725000	151
96.775000	139
96.775000	196
96.775000	235
96.800000	167
96.825000	409
96.850000	448
96.900000	321
96.925000	249
96.975000	242
97.025000	210
97.025000	227
97.050000	350
97.075000	222
97.100000	326
97.150000	467
97.150000	484
97.200000	195
97.200000	205
97.250000	123
97.325000	407
97.500000	234
97.500000	437
97.575000	418
97.575000	526
97.600000	504
97.700000	155
97.700000	347
97.725000	368
97.775000	439
97.900000	343
97.925000	262
98.050000	463
98.125000	523
98.150000	365
98.175000	166
98.200000	413
98.225000	194
98.250000	330
98.300000	322
98.325000	176
98.400000	336
98.475000	390
98.550000	199
98.600000	410
98.650000	461
98.675000	355
98.700000	346
98.800000	380
98.875000	107
98.925000	327
99.000000	356
99.050000	125
99.050000	524
99.125000	193
99.200000	381
99.225000	243
99.250000	335
99.275000	218
99.300000	157
99.400000	251
99.475000	277
99.550000	134
99.550000	403
99.575000	212
99.600000	240
99.600000	273
99.625000	213
99.625000	387
99.675000	153
99.700000	198
99.725000	422
99.750000	521
99.800000	357
99.875000	501
99.925000	232
99.975000	426
100.000000	364
100.050000	372
100.075000	361
100.150000	444
100.175000	266
100.175000	503
100.250000	119
100.250000	201
100.275000	341
100.325000	182
100.350000	423
100.400000	130
100.400000	275
100.425000	436
100.450000	374
100.500000	190
100.500000	289
100.500000	317
100.525000	136
100.550000	282
100.600000	216
100.625000	265
100.625000	505
100.650000	432
100.750000	184
100.800000	191
100.800000	358
100.875000	308
100.875000	449
100.925000	124
101.125000	114
101.150000	344
101.225000	279
101.225000	310
101.225000	502
101.250000	158
101.275000	256
101.325000	170
101.325000	412
101.325000	446
101.400000	455
101.400000	472
101.450000	348
101.525000	147
101.525000	433
101.550000	245
101.650000	370
101.700000	302
101.725000	430
101.750000	202
101.775000	142
101.925000	233
101.925000	431
101.975000	332
102.025000	284
102.025000	421
102.050000	186
102.075000	300
102.125000	371
102.150000	287
102.175000	188
102.200000	429
102.275000	236
102.275000	411
102.325000	148
102.450000	385
102.475000	362
102.475000	400
102.500000	207
102.550000	425
102.550000	500
102.550000	504
102.575000	278
102.650000	132
102.650000	204
102.650000	339
102.725000	228
102.850000	395
102.875000	303
102.900000	525
102.975000	304
103.000000	172
103.025000	352
103.075000	237
103.125000	312
103.125000	375
103.225000	522
103.250000	206
103.350000	405
103.375000	189
103.400000	315
103.400000	349
103.425000	363
103.450000	229
103.500000	334
103.550000	211
103.600000	319
103.650000	329
103.725000	324
103.750000	337
103.850000	313
103.875000	401
103.900000	214
103.925000	316
103.975000	143
103.975000	181
104.000000	127
104.000000	174
104.000000	286
104.000000	397
104.075000	255
104.100000	309
104.125000	331
104.125000	445
104.150000	226
104.200000	333
104.325000	367
104.350000	217
104.400000	454
104.500000	406
104.525000	301
104.600000	241
104.625000	250
104.750000	165
104.750000	192
104.750000	501
104.850000	373
104.875000	252
104.950000	248
104.975000	340
105.000000	187
105.025000	420
105.075000	503
105.100000	382
105.125000	215
105.125000	306
105.175000	164
105.175000	325
105.225000	295
105.250000	141
105.300000	453
105.325000	270
105.400000	260
105.400000	320
105.400000	526
105.425000	288
105.425000	517
105.425000	524
105.475000	354
105.500000	225
105.500000	268
105.525000	377
105.575000	271
105.600000	383
105.700000	502
105.700000	523
105.725000	162
105.750000	220
105.775000	259
105.775000	328
105.850000	258
105.875000	414
105.900000	267
105.950000	144
105.975000	276
105.975000	351
106.050000	285
106.075000	360
106.100000	264
106.125000	338
106.150000	231
106.250000	505
106.300000	272
106.325000	159
106.325000	208
106.350000	345
106.400000	298
106.425000	415
106.475000	156
106.700000	326
106.725000	353
106.975000	451
107.075000	427
107.100000	244
107.100000	504
107.150000	160
107.200000	393
107.250000	161
107.250000	254
107.350000	521
107.375000	368
107.475000	135
107.550000	283
107.575000	249
107.675000	235
107.775000	133
107.800000	269
107.850000	246
107.875000	223
107.875000	350
107.900000	318
107.925000	195
107.975000	394
108.025000	210
108.050000	297
108.050000	424
108.150000	239
108.200000	443
108.225000	398
108.225000	516
108.250000	227
108.300000	378
108.300000	404
108.350000	355
108.350000	369
108.375000	175
108.400000	253
108.400000	299
108.400000	327
108.425000	281
108.425000	343
108.425000	402
108.450000	389
108.450000	409
108.525000	357
108.700000	342
108.750000	292
108.850000	152
108.850000	314
109.025000	177
109.025000	247
109.050000	317
109.050000	391
109.100000	203
109.100000	308
109.175000	282
109.200000	173
109.200000	321
109.225000	386
109.225000	525
109.300000	384
109.325000	290
109.350000	322
109.350000	376
109.450000	293
109.450000	302
109.500000	209
109.500000	417
109.525000	234
109.575000	266
109.600000	167
109.625000	212
109.650000	242
109.725000	366
109.750000	200
109.775000	274
109.800000	323
109.800000	390
109.850000	224
109.875000	399
109.900000	238
109.900000	372
109.975000	407
110.025000	346
110.050000	256
110.075000	178
110.125000	261
110.125000	330
110.150000	222
110.150000	502
110.200000	277
110.225000	179
110.250000	341
110.250000	374
110.275000	166
110.275000	240
110.275000	365
110.300000	503
110.350000	387
110.400000	183
110.450000	230
110.725000	287
110.800000	262
110.825000	300
110.875000	151
110.900000	304
110.900000	501
110.925000	197
110.950000	257
110.975000	273
111.025000	265
111.025000	504
111.175000	515
111.200000	185
111.250000	284
111.275000	356
111.275000	418
111.300000	335
111.325000	289
111.350000	280
111.375000	291
111.475000	408
111.500000	310
111.500000	364
111.525000	332
111.600000	213
111.675000	358
111.700000	381
111.700000	419
111.725000	278
111.875000	380
111.900000	205
111.925000	193
111.950000	180
111.950000	219
112.025000	344
112.050000	524
112.075000	138
112.125000	251
112.150000	221
112.200000	348
112.225000	505
112.300000	263
112.300000	522
112.350000	410
112.375000	316
112.375000	319
112.375000	359
112.400000	523
112.500000	191
112.625000	279
112.650000	243
112.675000	309
112.800000	311
112.800000	362
112.900000	434
112.950000	199
112.950000	512
112.975000	275
113.100000	313
113.100000	375
113.150000	361
113.175000	370
113.175000	526
113.275000	232
113.300000	154
113.325000	198
113.350000	288
113.350000	337
113.425000	301
113.475000	315
113.700000	286
113.775000	352
113.850000	425
113.900000	303
114.000000	225
114.075000	218
114.125000	336
114.150000	296
114.175000	236
114.175000	312
114.175000	503
114.200000	196
114.225000	216
114.275000	371
114.300000	514
114.325000	405
114.325000	435
114.350000	206
114.350000	307
114.375000	155
114.375000	276
114.375000	334
114.400000	294
114.425000	204
114.450000	182
114.475000	320
114.525000	260
114.525000	502
114.550000	268
114.550000	324
114.650000	431
114.675000	305
114.825000	184
114.850000	295
114.850000	306
114.950000	201
114.950000	245
114.975000	354
115.000000	385
115.050000	325
115.075000	214
115.075000	255
115.075000	339
115.175000	259
115.300000	233
115.325000	349
115.525000	272
115.550000	202
115.650000	504
115.725000	211
115.725000	248
115.825000	406
115.850000	329
115.900000	525
115.925000	264
115.925000	400
115.950000	388
115.975000	226
115.975000	237
116.025000	249
116.025000	351
116.025000	368
116.050000	345
116.075000	326
116.100000	252
116.125000	121
116.175000	271
116.375000	360
116.375000	377
116.375000	382
116.375000	395
116.400000	331
116.500000	340
116.525000	283
116.575000	423
116.600000	317
116.600000	328
116.625000	228
116.625000	521
116.675000	397
116.700000	298
116.725000	270
116.725000	308
116.725000	430
116.750000	241
116.750000	333
116.750000	367
116.825000	501
116.875000	302
116.975000	158
117.000000	357
117.050000	254
117.075000	188
117.075000	282
117.200000	189
117.250000	192
117.250000	355
117.275000	231
117.275000	396
117.375000	258
117.425000	363
117.475000	229
117.500000	186
117.650000	170
117.650000	172
117.725000	244
117.725000	299
117.750000	220
117.800000	318
117.875000	215
117.950000	281
117.950000	297
117.975000	235
118.000000	267
118.025000	131
118.050000	266
118.050000	505
118.125000	343
118.150000	285
118.150000	287
118.250000	411
118.325000	350
118.375000	250
118.400000	327
118.425000	210
118.550000	304
118.550000	401
118.550000	503
118.625000	223
118.625000	353
118.700000	322
118.725000	502
118.750000	338
118.800000	524
118.975000	195
119.000000	256
119.000000	332
119.025000	153
119.025000	321
119.050000	347
119.175000	207
119.175000	277
119.175000	403
119.200000	293
119.300000	253
119.325000	227
119.375000	300
119.375000	523
119.450000	234
119.500000	239
119.625000	217
119.625000	290
119.625000	316
119.625000	392
119.775000	212
119.775000	504
119.800000	341
119.800000	422
119.925000	265
119.950000	513
119.975000	522
120.000000	342
120.000000	346
120.050000	372
120.075000	446
120.125000	284
120.200000	309
120.225000	246
120.225000	330
120.225000	369
120.275000	163
120.275000	374
120.300000	187
120.350000	319
120.375000	292
120.525000	278
120.550000	378
120.675000	288
120.775000	394
120.850000	323
120.875000	247
120.875000	310
120.900000	289
121.025000	348
121.225000	314
121.250000	261
121.350000	269
121.475000	393
121.500000	313
121.500000	383
121.525000	526
121.625000	387
121.725000	240
121.750000	273
121.775000	276
121.825000	171
121.825000	274
121.900000	320
121.950000	344
121.975000	262
122.100000	203
122.250000	242
122.250000	365
122.250000	373
122.250000	429
122.275000	525
122.300000	157
122.375000	362
122.400000	315
122.475000	213
122.500000	301
122.625000	502
122.650000	389
122.700000	358
122.725000	384
122.750000	260
122.750000	337
122.825000	268
122.900000	166
123.000000	335
123.000000	375
123.125000	209
123.250000	364
123.375000	390
123.450000	159
123.475000	354
123.525000	177
123.550000	222
123.575000	259
123.600000	286
123.625000	356
123.625000	503
123.650000	238
123.700000	306
123.800000	257
123.850000	279
123.900000	295
123.925000	317
123.950000	280
124.025000	391
124.050000	386
124.100000	504
124.150000	251
124.275000	303
124.275000	308
124.275000	501
124.275000	505
124.325000	200
124.450000	312
124.450000	324
124.475000	143
124.475000	225
124.475000	302
124.550000	272
124.625000	263
124.650000	291
124.650000	352
124.700000	311
124.900000	243
124.950000	361
124.975000	366
125.125000	275
125.125000	282
125.125000	325
125.150000	334
125.150000	500
125.250000	249
125.250000	381
125.350000	326
125.400000	355
125.525000	255
125.575000	197
125.600000	283
125.625000	370
125.700000	410
125.900000	264
125.925000	360
125.950000	345
126.325000	287
126.325000	418
126.425000	409
126.425000	524
126.450000	294
126.525000	357
126.600000	368
126.650000	271
126.650000	298
126.750000	216
126.775000	332
126.825000	281
126.850000	304
126.875000	359
126.900000	236
126.950000	191
127.000000	266
127.000000	297
127.100000	299
127.100000	502
127.125000	307
127.125000	351
127.200000	182
127.325000	224
127.350000	206
127.400000	248
127.425000	193
127.450000	214
127.500000	339
127.700000	277
127.725000	322
127.750000	204
127.950000	377
127.975000	329
128.050000	230
128.100000	296
128.125000	245
128.150000	523
128.175000	305
128.200000	504
128.300000	232
128.300000	256
128.300000	316
128.375000	376
128.425000	198
128.425000	340
128.525000	327
128.525000	331
128.575000	226
128.600000	288
128.600000	309
128.625000	300
128.625000	382
128.675000	270
128.700000	235
128.725000	254
128.725000	503
128.750000	293
128.775000	321
128.800000	425
128.925000	343
128.950000	318
128.975000	252
129.225000	319
129.250000	399
129.300000	406
129.350000	284
129.425000	276
129.500000	522
129.525000	258
129.550000	350
129.600000	336
129.725000	313
129.750000	374
129.800000	220
129.800000	265
129.800000	341
129.975000	231
129.975000	278
129.975000	367
130.025000	349
130.075000	233
130.125000	310
130.225000	285
130.225000	328
130.250000	223
130.275000	525
130.400000	290
130.425000	289
130.450000	501
130.675000	244
130.775000	330
131.225000	260
131.225000	320
131.250000	333
131.325000	353
131.350000	267
131.375000	502
131.475000	344
131.575000	237
131.575000	306
131.575000	346
131.625000	199
131.700000	239
131.775000	372
131.825000	521
131.875000	210
131.875000	211
131.900000	241
131.950000	317
132.075000	323
132.100000	404
132.125000	259
132.125000	268
132.125000	338
132.200000	301
132.225000	371
132.275000	234
132.300000	315
132.350000	337
132.400000	292
132.400000	342
132.425000	526
132.475000	348
132.525000	247
132.525000	302
132.625000	228
132.650000	253
132.725000	397
132.750000	295
132.800000	354
132.900000	261
132.925000	308
133.250000	380
133.300000	282
133.450000	273
133.525000	227
133.525000	504
133.600000	503
133.725000	274
133.975000	286
134.075000	246
134.225000	212
134.250000	314
134.250000	505
134.275000	363
134.325000	229
134.375000	304
134.525000	218
134.525000	355
134.675000	358
134.750000	250
134.850000	378
134.900000	524
134.950000	279
135.000000	326
135.100000	334
135.125000	324
135.225000	262
135.250000	219
135.275000	287
135.300000	272
135.375000	303
135.400000	362
135.625000	385
135.775000	264
135.850000	312
135.900000	213
136.000000	281
136.075000	335
136.275000	316
136.300000	357
136.375000	240
136.525000	297
136.550000	356
136.750000	322
136.750000	332
136.775000	502
136.825000	266
136.850000	364
136.900000	365
137.025000	375
137.050000	361
137.125000	309
137.225000	299
137.250000	311
137.400000	271
137.400000	325
137.475000	263
137.500000	249
137.525000	269
137.575000	276
137.600000	256
137.625000	225
137.875000	523
137.925000	300
138.025000	283
138.200000	255
138.250000	277
138.400000	345
138.500000	275
138.500000	504
138.650000	257
138.700000	288
138.775000	319
138.825000	503
138.875000	284
138.950000	298
138.975000	278
139.125000	280
139.125000	294
139.475000	352
139.700000	236
139.850000	321
139.875000	243
140.050000	251
140.175000	291
140.200000	368
140.675000	208
140.675000	313
140.750000	310
140.775000	293
140.825000	265
141.350000	502
141.450000	306
141.475000	254
141.525000	289
141.600000	327
141.625000	501
141.875000	320
141.900000	317
141.925000	282
141.925000	377
141.950000	351
141.975000	302
142.050000	258
142.075000	235
142.075000	339
142.275000	295
142.275000	331
142.300000	268
142.300000	305
142.300000	522
142.350000	290
142.375000	205
142.375000	252
142.550000	226
142.800000	296
142.800000	525
143.000000	270
143.175000	308
143.250000	260
143.350000	370
143.400000	248
143.400000	301
143.525000	318
143.625000	343
143.650000	330
143.650000	340
143.825000	341
143.850000	315
144.000000	304
144.050000	328
144.125000	285
144.150000	503
144.300000	307
144.750000	329
144.850000	244
144.950000	504
145.250000	344
145.575000	337
145.600000	287
145.650000	242
145.875000	359
145.900000	259
146.125000	267
146.350000	273
146.475000	286
146.675000	261
146.675000	309
146.800000	276
146.825000	234
146.925000	281
147.525000	292
147.750000	266
147.750000	355
147.800000	333
147.800000	410
147.850000	350
147.925000	502
148.025000	279
148.100000	326
148.150000	300
148.275000	323
148.275000	348
148.325000	374
148.375000	241
148.375000	334
148.550000	272
148.600000	322
148.900000	319
149.000000	338
149.025000	332
149.325000	247
149.325000	274
149.400000	271
149.425000	316
149.475000	346
149.700000	299
149.850000	231
149.975000	256
150.000000	278
150.025000	253
150.050000	297
150.075000	239
150.425000	504
150.525000	303
150.675000	264
150.875000	249
150.975000	503
151.050000	284
151.100000	277
151.225000	342
151.325000	288
151.375000	324
151.750000	372
152.125000	524
152.200000	306
152.250000	317
152.475000	282
152.500000	308
152.600000	245
152.775000	215
153.250000	502
153.550000	312
153.600000	302
153.850000	298
154.000000	294
154.050000	354
154.125000	313
154.175000	255
154.825000	321
155.050000	268
155.375000	358
155.600000	314
155.650000	349
156.050000	289
156.450000	283
156.700000	290
156.975000	263
157.200000	295
157.250000	265
157.300000	287
157.525000	260
157.950000	304
158.025000	291
158.450000	315
158.500000	301
158.575000	310
158.675000	325
158.825000	309
158.925000	311
158.925000	504
159.100000	505
159.175000	293
159.300000	503
159.775000	327
160.075000	276
161.750000	305
162.700000	257
162.775000	330
163.650000	332
164.425000	278
164.475000	502
165.075000	286
165.300000	319
165.500000	281
165.825000	357
168.800000	320
