2.425000	516
6.700000	501
10.725000	500
12.425000	15
12.450000	3
12.450000	5
12.450000	8
12.475000	6
12.475000	10
12.475000	17
12.475000	22
12.500000	9
12.500000	11
12.500000	14
12.500000	18
12.500000	19
12.500000	33
12.525000	2
12.525000	4
12.525000	7
12.525000	25
12.525000	28
12.525000	37
12.525000	47
12.525000	48
12.525000	55
12.550000	16
12.550000	23
12.550000	26
12.550000	29
12.550000	30
12.550000	32
12.550000	34
12.550000	42
12.550000	45
12.550000	49
12.550000	67
12.550000	72
12.550000	74
12.550000	86
12.575000	12
12.575000	13
12.575000	20
12.575000	21
12.575000	31
12.575000	35
12.575000	36
12.575000	38
12.575000	39
12.575000	40
12.575000	43
12.575000	46
12.575000	50
12.575000	51
12.575000	53
12.575000	54
12.575000	59
12.575000	78
12.575000	84
12.575000	87
12.575000	95
12.575000	99
12.600000	24
12.600000	27
12.600000	41
12.600000	44
12.600000	52
12.600000	56
12.600000	64
12.600000	66
12.600000	81
12.600000	82
12.600000	90
12.625000	1
12.625000	58
12.625000	63
12.625000	68
12.625000	75
12.625000	77
12.625000	79
12.625000	83
12.625000	89
12.625000	91
12.625000	92
12.625000	93
12.625000	96
12.625000	97
12.625000	100
12.650000	0
12.650000	61
12.650000	62
12.650000	65
12.650000	69
12.650000	70
12.650000	71
12.650000	76
12.650000	80
12.650000	85
12.650000	88
12.650000	94
12.675000	57
12.675000	60
12.675000	73
12.675000	98
13.550000	501
13.925000	505
14.100000	500
14.425000	502
15.075000	521
15.075000	523
15.100000	522
15.150000	526
15.175000	525
16.300000	492
16.525000	101
16.975000	113
17.425000	114
17.475000	495
17.650000	103
17.875000	109
18.175000	47
18.300000	105
18.425000	28
18.675000	493
18.750000	50
18.875000	64
18.900000	499
18.950000	110
19.025000	46
19.025000	494
19.050000	33
19.075000	104
19.100000	123
19.100000	483
19.125000	39
19.125000	482
19.225000	45
19.275000	43
19.300000	48
19.350000	41
19.350000	488
19.475000	10
19.475000	106
19.500000	504
19.525000	62
19.550000	32
19.550000	71
19.575000	37
19.625000	44
19.725000	42
19.725000	59
19.750000	35
19.800000	94
19.825000	13
19.825000	54
19.875000	23
19.950000	38
20.000000	16
20.025000	52
20.050000	36
20.075000	72
20.100000	87
20.150000	49
20.175000	20
20.175000	75
20.175000	115
20.200000	25
20.225000	19
20.300000	24
20.325000	26
20.325000	58
20.325000	66
20.325000	96
20.325000	501
20.375000	21
20.375000	498
20.400000	27
20.400000	69
20.425000	500
20.450000	15
20.475000	40
20.475000	77
20.475000	92
20.475000	121
20.500000	61
20.500000	464
20.550000	5
20.575000	487
20.625000	83
20.650000	57
20.650000	74
20.650000	88
20.675000	65
20.700000	76
20.700000	120
20.775000	484
20.825000	60
20.825000	84
20.825000	506
20.850000	100
20.925000	91
20.975000	18
21.000000	51
21.050000	470
21.100000	55
21.100000	79
21.125000	9
21.150000	98
21.175000	56
21.225000	3
21.225000	31
21.225000	80
21.225000	116
21.225000	478
21.250000	133
21.275000	8
21.300000	11
21.300000	476
21.350000	505
21.375000	63
21.375000	82
21.375000	90
21.400000	4
21.625000	30
21.650000	67
21.750000	2
21.775000	497
21.850000	85
21.850000	466
21.875000	29
21.875000	99
21.925000	97
22.000000	95
22.075000	469
22.175000	34
22.175000	81
22.275000	12
22.275000	108
22.325000	86
22.425000	68
22.500000	502
22.525000	78
22.625000	22
22.775000	526
22.800000	17
22.850000	14
22.875000	0
22.875000	1
22.875000	521
22.925000	119
23.050000	7
23.125000	522
23.125000	523
23.300000	93
23.325000	70
23.325000	486
23.325000	525
23.400000	73
23.675000	491
23.725000	107
23.775000	89
23.775000	122
23.850000	101
23.875000	137
23.900000	139
23.900000	458
23.975000	6
24.000000	492
24.025000	472
24.100000	467
24.100000	500
24.150000	47
24.200000	524
24.275000	111
24.325000	28
24.350000	474
24.375000	125
24.375000	468
24.400000	495
24.450000	53
24.525000	480
24.650000	128
24.675000	460
24.750000	124
24.750000	475
24.800000	501
25.100000	64
25.125000	50
25.175000	113
25.300000	46
25.300000	114
25.350000	140
25.350000	508
25.375000	473
25.450000	33
25.475000	490
25.600000	103
25.600000	465
25.625000	496
25.900000	39
25.900000	45
25.900000	109
26.025000	43
26.050000	471
26.075000	48
26.075000	138
26.125000	504
26.175000	489
26.275000	129
26.300000	123
26.325000	62
26.325000	479
26.350000	10
26.375000	41
26.375000	105
26.550000	457
26.600000	32
26.600000	59
26.675000	94
26.725000	37
26.750000	71
26.750000	117
26.750000	449
26.775000	481
26.825000	44
26.925000	505
27.025000	35
27.025000	102
27.100000	461
27.250000	42
27.275000	13
27.325000	23
27.325000	54
27.325000	87
27.350000	455
27.375000	104
27.450000	144
27.475000	507
27.550000	149
27.600000	126
27.600000	141
27.650000	483
27.675000	16
27.700000	21
27.725000	131
27.825000	38
27.850000	52
27.900000	72
27.900000	130
27.950000	96
27.975000	5
27.975000	488
27.975000	498
28.025000	75
28.075000	500
28.125000	19
28.125000	452
28.175000	112
28.200000	26
28.250000	25
28.300000	20
28.350000	83
28.350000	487
28.425000	40
28.450000	49
28.450000	493
28.475000	76
28.525000	66
28.550000	36
28.550000	477
28.600000	110
28.600000	115
28.600000	499
28.625000	77
28.700000	15
28.700000	58
28.800000	88
28.875000	4
28.875000	69
28.875000	135
28.900000	27
28.900000	501
28.925000	24
28.950000	106
28.950000	459
28.975000	9
29.025000	132
29.075000	91
29.100000	61
29.125000	3
29.125000	438
29.175000	74
29.225000	160
29.225000	482
29.225000	521
29.250000	121
29.350000	57
29.425000	526
29.450000	18
29.500000	60
29.575000	65
29.575000	463
29.600000	502
29.650000	484
29.800000	470
29.825000	118
29.875000	11
29.900000	448
29.900000	494
29.925000	79
29.950000	84
29.975000	464
30.000000	127
30.050000	469
30.100000	8
30.150000	453
30.175000	98
30.275000	100
30.300000	99
30.350000	165
30.350000	485
30.350000	522
30.375000	92
30.375000	133
30.400000	56
30.400000	82
30.425000	80
30.425000	523
30.500000	97
30.550000	51
30.625000	47
30.625000	148
30.700000	120
30.700000	525
30.725000	28
30.775000	505
30.925000	450
30.925000	478
30.950000	31
30.950000	85
30.950000	108
30.975000	55
30.975000	63
31.025000	116
31.025000	476
31.075000	142
31.125000	119
31.125000	492
31.150000	90
31.175000	95
31.200000	101
31.225000	67
31.225000	495
31.400000	29
31.475000	433
31.475000	466
31.525000	447
31.575000	86
31.625000	50
31.625000	81
31.775000	497
31.825000	486
31.850000	2
31.950000	458
32.000000	46
32.000000	500
32.175000	64
32.200000	491
32.225000	454
32.250000	17
32.250000	107
32.275000	440
32.350000	1
32.350000	33
32.350000	68
32.350000	125
32.400000	158
32.400000	445
32.525000	30
32.525000	524
32.625000	12
32.775000	501
32.800000	48
32.825000	480
32.850000	504
32.975000	6
32.975000	164
32.975000	472
33.025000	150
33.075000	139
33.100000	45
33.125000	39
33.150000	474
33.175000	137
33.175000	467
33.200000	34
33.250000	122
33.275000	159
33.325000	111
33.325000	123
33.325000	442
33.325000	473
33.400000	134
33.450000	43
33.500000	128
33.500000	439
33.525000	109
33.550000	444
33.575000	94
33.575000	103
33.600000	78
33.650000	426
33.675000	62
33.675000	468
33.700000	59
33.700000	460
33.700000	475
33.725000	41
33.725000	89
33.750000	114
33.750000	124
33.800000	154
33.925000	93
33.975000	10
33.975000	432
34.000000	7
34.075000	113
34.150000	471
34.150000	490
34.300000	105
34.350000	87
34.375000	32
34.400000	22
34.500000	496
34.625000	0
34.650000	521
34.700000	37
34.750000	481
34.775000	505
34.800000	167
34.800000	451
34.825000	35
34.875000	173
34.875000	489
34.925000	42
34.925000	449
34.950000	14
34.950000	44
34.950000	70
34.950000	73
35.050000	71
35.050000	151
35.100000	498
35.150000	5
35.150000	23
35.175000	441
35.175000	457
35.200000	526
35.225000	21
35.375000	152
35.375000	502
35.400000	483
35.500000	16
35.600000	138
35.600000	487
35.650000	129
35.675000	13
35.675000	500
35.700000	19
35.700000	96
35.850000	140
35.850000	461
35.875000	38
35.875000	54
36.000000	83
36.000000	162
36.050000	75
36.075000	52
36.075000	455
36.100000	104
36.125000	115
36.125000	143
36.125000	522
36.275000	4
36.275000	72
36.275000	76
36.275000	479
36.425000	145
36.450000	117
36.450000	488
36.550000	88
36.575000	144
36.600000	3
36.625000	501
36.650000	15
36.650000	141
36.650000	146
36.675000	416
36.700000	9
36.700000	91
36.700000	452
36.725000	131
36.750000	20
36.750000	40
36.775000	49
36.800000	465
36.825000	77
36.875000	26
36.875000	155
36.875000	523
36.950000	424
36.975000	47
36.975000	153
37.000000	25
37.000000	135
37.050000	132
37.175000	525
37.200000	168
37.250000	430
37.350000	484
37.375000	149
37.550000	121
37.575000	36
37.575000	470
37.600000	69
37.625000	28
37.650000	27
37.675000	24
37.700000	74
37.800000	58
37.800000	469
37.850000	61
37.875000	66
37.900000	456
37.950000	106
37.950000	492
38.025000	172
38.050000	459
38.100000	126
38.125000	477
38.150000	50
38.150000	186
38.225000	11
38.300000	110
38.300000	163
38.300000	464
38.350000	18
38.350000	504
38.375000	412
38.450000	130
38.475000	102
38.500000	499
38.600000	147
38.625000	84
38.675000	46
38.675000	60
38.675000	178
38.675000	505
38.700000	438
38.725000	157
38.750000	160
38.750000	453
38.750000	495
38.775000	462
38.800000	57
38.825000	443
38.825000	482
38.850000	493
38.900000	112
38.925000	458
38.975000	99
39.000000	119
39.025000	524
39.075000	170
39.100000	98
39.100000	500
39.125000	97
39.125000	448
39.200000	127
39.225000	8
39.225000	125
39.300000	463
39.325000	65
39.375000	101
39.400000	165
39.400000	478
39.575000	79
39.600000	64
39.600000	133
39.600000	437
39.625000	33
39.625000	175
39.675000	166
39.700000	476
39.725000	116
39.750000	108
39.800000	80
39.800000	486
39.825000	120
39.850000	480
39.925000	501
39.950000	148
40.025000	521
40.075000	82
40.075000	485
40.125000	503
40.175000	100
40.175000	414
40.175000	434
40.200000	85
40.225000	118
40.225000	466
40.250000	39
40.275000	526
40.425000	174
40.475000	48
40.500000	473
40.525000	95
40.575000	56
40.575000	109
40.600000	158
40.650000	92
40.650000	142
40.650000	502
40.725000	179
40.750000	51
40.750000	107
40.750000	467
40.825000	445
40.875000	415
40.975000	491
41.025000	41
41.025000	45
41.050000	55
41.050000	191
41.075000	63
41.075000	150
41.175000	94
41.225000	164
41.225000	425
41.250000	90
41.250000	123
41.300000	5
41.300000	522
41.400000	86
41.400000	156
41.450000	474
41.475000	81
41.475000	446
41.525000	2
41.575000	43
41.575000	497
41.600000	87
41.600000	411
41.625000	31
41.650000	29
41.700000	67
41.725000	139
41.750000	472
41.775000	431
41.775000	494
41.800000	1
41.825000	413
41.850000	59
41.925000	10
42.025000	111
42.025000	187
42.075000	136
42.125000	433
42.150000	137
42.150000	471
42.175000	169
42.250000	124
42.275000	114
42.275000	444
42.275000	460
42.325000	62
42.325000	105
42.325000	128
42.350000	17
42.350000	447
42.400000	184
42.450000	159
42.450000	421
42.450000	505
42.475000	122
42.475000	423
42.500000	68
42.575000	408
42.600000	134
42.600000	442
42.600000	483
42.625000	487
42.675000	32
42.725000	468
42.725000	481
42.800000	490
42.850000	500
42.925000	6
43.000000	496
43.075000	35
43.100000	103
43.100000	523
43.200000	511
43.250000	3
43.250000	404
43.275000	426
43.325000	525
43.350000	115
43.375000	113
43.375000	449
43.375000	475
43.375000	510
43.425000	457
43.475000	16
43.475000	498
43.500000	23
43.500000	183
43.525000	37
43.525000	436
43.575000	42
43.600000	96
43.650000	12
43.650000	195
43.650000	435
43.675000	138
43.675000	151
43.675000	454
43.700000	53
43.750000	4
43.800000	135
43.850000	19
43.875000	91
43.875000	419
43.900000	21
43.900000	129
43.900000	504
43.950000	432
43.975000	89
44.000000	489
44.000000	509
44.025000	143
44.025000	501
44.075000	47
44.075000	167
44.075000	455
44.100000	440
44.125000	88
44.125000	484
44.150000	83
44.175000	461
44.250000	28
44.275000	44
44.300000	492
44.300000	518
44.400000	71
44.400000	75
44.425000	78
44.425000	206
44.425000	451
44.500000	9
44.550000	93
44.575000	152
44.600000	161
44.625000	76
44.700000	13
44.825000	405
44.825000	524
44.850000	132
44.850000	173
44.875000	121
44.875000	521
44.975000	141
45.000000	181
45.050000	427
45.050000	502
45.125000	38
45.125000	519
45.150000	30
45.150000	131
45.150000	452
45.150000	470
45.200000	192
45.225000	77
45.225000	104
45.225000	144
45.250000	400
45.250000	526
45.275000	40
45.350000	52
45.375000	441
45.400000	162
45.425000	15
45.425000	439
45.450000	417
45.475000	54
45.500000	176
45.525000	49
45.575000	117
45.600000	72
45.625000	50
45.675000	469
45.725000	140
45.750000	125
45.750000	154
45.750000	196
45.775000	26
45.800000	458
45.825000	193
45.850000	488
45.925000	418
45.975000	155
45.975000	407
46.050000	505
46.075000	459
46.125000	46
46.150000	420
46.300000	20
46.300000	464
46.325000	200
46.325000	500
46.400000	397
46.425000	25
46.425000	409
46.450000	450
46.475000	149
46.525000	480
46.525000	522
46.625000	11
46.625000	74
46.625000	106
46.675000	33
46.750000	0
46.775000	453
46.825000	495
46.850000	64
46.925000	27
46.925000	402
46.975000	7
47.000000	160
47.025000	133
47.075000	473
47.150000	503
47.175000	109
47.200000	401
47.250000	463
47.275000	61
47.275000	165
47.300000	14
47.300000	429
47.325000	119
47.325000	467
47.350000	126
47.400000	448
47.450000	58
47.475000	127
47.475000	145
47.500000	84
47.525000	168
47.525000	197
47.575000	24
47.575000	101
47.600000	34
47.700000	18
47.700000	172
47.725000	110
47.750000	477
47.775000	479
47.800000	456
47.800000	478
47.825000	501
47.850000	153
47.850000	416
47.875000	39
47.875000	170
47.875000	465
47.900000	5
47.900000	22
47.900000	69
47.900000	73
47.900000	130
47.950000	36
47.950000	97
47.950000	521
47.975000	178
47.975000	424
48.025000	486
48.050000	98
48.075000	148
48.175000	185
48.175000	520
48.200000	70
48.200000	157
48.225000	60
48.250000	66
48.350000	123
48.375000	166
48.425000	523
48.450000	210
48.475000	108
48.500000	158
48.525000	482
48.575000	412
48.625000	150
48.675000	525
48.700000	87
48.700000	120
48.775000	99
48.825000	57
48.875000	116
48.900000	438
48.900000	466
48.900000	499
48.925000	430
48.950000	437
49.000000	209
49.025000	8
49.050000	180
49.125000	102
49.125000	504
49.150000	399
49.200000	182
49.225000	202
49.250000	443
49.300000	179
49.300000	445
49.350000	48
49.375000	471
49.400000	164
49.425000	85
49.425000	493
49.450000	446
49.475000	80
49.475000	94
49.525000	139
49.575000	474
49.600000	142
49.650000	41
49.650000	45
49.650000	175
49.700000	107
49.700000	211
49.700000	487
49.725000	425
49.725000	500
49.800000	396
49.825000	79
49.825000	491
49.875000	10
49.900000	476
50.000000	3
50.000000	147
50.050000	502
50.050000	505
50.100000	95
50.100000	414
50.125000	526
50.150000	186
50.175000	201
50.175000	389
50.225000	390
50.250000	47
50.250000	65
50.250000	146
50.250000	483
50.275000	485
50.300000	444
50.325000	460
50.375000	392
50.375000	411
50.375000	492
50.450000	159
50.475000	43
50.475000	59
50.525000	524
50.550000	82
50.600000	468
50.625000	105
50.625000	174
50.750000	35
50.750000	481
50.775000	472
50.800000	111
50.800000	449
50.850000	137
50.900000	457
50.925000	124
50.950000	32
50.975000	406
51.025000	135
51.025000	205
51.025000	496
51.050000	4
51.050000	112
51.075000	403
51.100000	395
51.100000	434
51.125000	195
51.175000	122
51.175000	191
51.200000	115
51.200000	522
51.225000	163
51.225000	184
51.225000	369
51.225000	393
51.275000	442
51.300000	16
51.325000	100
51.325000	501
51.400000	426
51.400000	484
51.425000	63
51.425000	143
51.450000	28
51.450000	118
51.475000	86
51.475000	151
51.500000	55
51.500000	128
51.500000	415
51.525000	156
51.550000	2
51.550000	56
51.550000	454
51.575000	96
51.575000	214
51.575000	423
51.625000	62
51.675000	138
51.700000	431
51.725000	90
51.750000	92
51.750000	114
51.775000	23
51.775000	455
51.825000	91
51.825000	134
51.875000	433
51.875000	497
51.900000	222
52.000000	51
52.125000	470
52.150000	88
52.150000	394
52.150000	461
52.175000	129
52.200000	31
52.200000	67
52.200000	121
52.200000	398
52.225000	404
52.300000	490
52.325000	37
52.325000	469
52.375000	29
52.425000	177
52.450000	1
52.475000	9
52.475000	376
52.550000	447
52.550000	451
52.600000	68
52.600000	432
52.625000	498
52.775000	83
52.800000	167
52.800000	187
52.825000	21
52.925000	17
52.950000	475
52.975000	381
53.000000	413
53.050000	6
53.050000	199
53.125000	13
53.125000	125
53.150000	42
53.150000	458
53.250000	504
53.275000	375
53.300000	81
53.300000	220
53.325000	103
53.350000	19
53.350000	452
53.375000	152
53.425000	422
53.425000	500
53.450000	132
53.475000	405
53.475000	464
53.475000	505
53.500000	75
53.525000	113
53.525000	223
53.525000	408
53.525000	489
53.550000	136
53.550000	141
53.650000	225
53.650000	525
53.675000	144
53.675000	382
53.675000	480
53.700000	503
53.750000	502
53.775000	218
53.800000	523
53.825000	203
53.850000	207
53.875000	64
53.875000	131
53.900000	40
53.925000	44
53.925000	76
53.950000	161
53.975000	189
53.975000	204
53.975000	441
54.025000	162
54.100000	419
54.125000	183
54.125000	232
54.150000	71
54.200000	360
54.250000	50
54.250000	439
54.250000	459
54.275000	46
54.325000	378
54.350000	77
54.375000	26
54.375000	155
54.375000	400
54.450000	192
54.475000	368
54.550000	215
54.625000	133
54.650000	33
54.650000	440
54.700000	435
54.725000	15
54.775000	473
54.775000	488
54.800000	407
54.800000	421
54.825000	117
54.825000	467
54.850000	12
54.875000	165
54.875000	526
54.900000	397
54.900000	463
54.950000	235
54.975000	418
55.000000	38
55.000000	89
55.000000	109
55.000000	154
55.025000	54
55.050000	501
55.075000	5
55.075000	495
55.150000	149
55.150000	213
55.175000	104
55.175000	123
55.175000	453
55.200000	172
55.200000	364
55.200000	384
55.225000	106
55.250000	380
55.325000	160
55.325000	181
55.350000	72
55.350000	401
55.375000	49
55.375000	158
55.400000	524
55.475000	173
55.525000	52
55.550000	448
55.600000	198
55.625000	140
55.650000	217
55.700000	227
55.725000	119
55.775000	208
55.800000	20
55.825000	170
55.850000	87
55.875000	417
55.925000	74
55.925000	478
55.950000	25
55.975000	427
56.025000	148
56.050000	127
56.100000	101
56.150000	11
56.150000	93
56.150000	462
56.275000	522
56.300000	190
56.325000	193
56.325000	352
56.325000	385
56.325000	494
56.350000	356
56.400000	188
56.450000	78
56.450000	371
56.475000	166
56.500000	402
56.575000	27
56.600000	84
56.625000	409
56.675000	39
56.675000	150
56.675000	169
56.675000	471
56.700000	216
56.725000	200
56.825000	176
56.850000	153
56.850000	486
56.875000	374
56.900000	97
56.900000	425
56.925000	420
56.925000	505
56.950000	61
57.025000	492
57.050000	94
57.050000	445
57.050000	477
57.075000	47
57.075000	130
57.075000	164
57.075000	179
57.125000	126
57.125000	436
57.200000	18
57.200000	487
57.250000	429
57.300000	178
57.350000	3
57.350000	110
57.350000	500
57.375000	58
57.375000	210
57.375000	446
57.425000	108
57.450000	456
57.475000	387
57.475000	450
57.500000	238
57.500000	383
57.525000	24
57.525000	212
57.550000	157
57.575000	10
57.575000	386
57.575000	437
57.575000	504
57.600000	98
57.625000	206
57.700000	449
57.725000	116
57.725000	120
57.750000	430
57.825000	416
57.850000	474
57.875000	460
57.925000	502
57.950000	411
57.975000	60
57.975000	139
58.025000	168
58.025000	182
58.025000	372
58.100000	466
58.100000	482
58.175000	526
58.200000	228
58.250000	479
58.275000	4
58.275000	444
58.300000	361
58.325000	501
58.350000	159
58.375000	142
58.400000	143
58.425000	483
58.500000	45
58.500000	362
58.525000	525
58.550000	85
58.550000	438
58.550000	455
58.600000	99
58.600000	465
58.625000	390
58.650000	41
58.700000	231
58.700000	523
58.775000	412
58.825000	145
58.825000	457
58.850000	0
58.850000	185
58.850000	202
58.900000	175
58.925000	151
58.950000	35
58.950000	358
59.000000	36
59.000000	135
59.025000	406
59.050000	96
59.050000	115
59.050000	503
59.075000	57
59.075000	367
59.100000	195
59.125000	138
59.150000	107
59.175000	424
59.175000	484
59.225000	388
59.225000	443
59.300000	48
59.300000	197
59.300000	468
59.375000	491
59.400000	69
59.400000	481
59.450000	496
59.475000	186
59.525000	122
59.525000	239
59.550000	66
59.575000	137
59.600000	28
59.600000	426
59.625000	454
59.650000	354
59.650000	370
59.675000	395
59.725000	171
59.775000	30
59.775000	32
59.800000	80
59.825000	414
59.850000	470
59.875000	105
59.925000	196
59.950000	8
59.975000	431
60.025000	125
60.025000	423
60.050000	211
60.050000	415
60.075000	111
60.100000	174
60.100000	214
60.125000	180
60.150000	95
60.175000	365
60.200000	121
60.200000	469
60.200000	499
60.225000	16
60.225000	461
60.275000	505
60.300000	249
60.325000	59
60.350000	43
60.350000	366
60.375000	476
60.400000	524
60.475000	167
60.475000	184
60.500000	369
60.525000	14
60.550000	191
60.550000	442
60.575000	147
60.575000	391
60.600000	88
60.625000	129
60.625000	264
60.650000	472
60.675000	102
60.675000	124
60.675000	451
60.700000	353
60.750000	91
60.775000	242
60.775000	345
60.825000	79
60.850000	458
60.875000	396
60.875000	522
60.900000	23
60.950000	432
60.950000	500
60.975000	464
61.000000	359
61.050000	377
61.050000	392
61.100000	37
61.150000	187
61.150000	234
61.175000	163
61.175000	405
61.175000	480
61.225000	128
61.250000	404
61.275000	134
61.325000	9
61.350000	114
61.350000	433
61.375000	389
61.400000	428
61.425000	403
61.525000	62
61.550000	201
61.575000	209
61.575000	504
61.625000	393
61.650000	7
61.650000	156
61.675000	399
61.750000	434
61.775000	144
61.800000	34
61.800000	373
61.825000	65
61.825000	452
61.825000	502
61.850000	205
61.850000	485
61.850000	501
61.875000	82
61.875000	158
61.925000	152
61.925000	475
62.025000	350
62.100000	64
62.150000	2
62.150000	229
62.175000	177
62.200000	133
62.250000	447
62.275000	375
62.275000	376
62.350000	162
62.375000	172
62.375000	394
62.400000	5
62.400000	123
62.425000	83
62.425000	204
62.425000	222
62.425000	382
62.475000	199
62.500000	100
62.500000	192
62.550000	86
62.575000	220
62.600000	203
62.625000	21
62.625000	75
62.625000	155
62.625000	165
62.650000	73
62.650000	230
62.750000	146
62.775000	46
62.800000	410
62.825000	132
62.825000	397
62.850000	408
62.850000	467
62.850000	498
62.875000	400
62.900000	360
62.925000	490
62.975000	170
63.000000	441
63.000000	525
63.025000	493
63.050000	6
63.050000	225
63.050000	368
63.050000	413
63.050000	463
63.100000	55
63.100000	118
63.125000	459
63.150000	473
63.175000	418
63.200000	401
63.200000	489
63.225000	19
63.450000	251
63.475000	422
63.475000	439
63.500000	160
63.525000	425
63.550000	448
63.575000	237
63.600000	141
63.600000	207
63.600000	407
63.625000	131
63.625000	334
63.625000	379
63.625000	503
63.625000	523
63.650000	161
63.675000	1
63.700000	67
63.700000	218
63.725000	505
63.775000	363
63.800000	233
63.850000	63
63.900000	223
63.950000	166
63.975000	349
63.975000	381
64.025000	136
64.025000	154
64.025000	453
64.100000	488
64.125000	29
64.125000	103
64.150000	232
64.150000	355
64.175000	378
64.225000	113
64.250000	33
64.250000	50
64.275000	90
64.325000	13
64.325000	346
64.375000	332
64.400000	76
64.400000	148
64.400000	252
64.425000	56
64.425000	77
64.425000	92
64.425000	149
64.425000	344
64.450000	236
64.500000	495
64.525000	87
64.550000	492
64.575000	47
64.600000	15
64.600000	70
64.600000	117
64.625000	384
64.650000	164
64.675000	497
64.750000	40
64.750000	409
64.750000	524
64.775000	445
64.800000	250
64.825000	235
64.850000	109
64.875000	500
64.900000	421
64.900000	478
64.925000	173
64.950000	179
64.975000	337
65.000000	398
65.025000	471
65.050000	210
65.075000	3
65.075000	351
65.100000	150
65.125000	119
65.150000	193
65.175000	68
65.175000	356
65.175000	380
65.175000	487
65.250000	101
65.275000	213
65.275000	266
65.350000	106
65.375000	81
65.425000	221
65.425000	460
65.450000	153
65.475000	501
65.550000	227
65.550000	449
65.575000	94
65.575000	504
65.625000	127
65.625000	183
65.650000	112
65.650000	374
65.650000	430
65.650000	435
65.675000	200
65.675000	522
65.700000	38
65.700000	357
65.700000	419
65.725000	42
65.725000	226
65.725000	446
65.725000	455
65.750000	502
65.775000	178
65.775000	181
65.775000	256
65.800000	17
65.800000	26
65.800000	31
65.800000	364
65.800000	371
65.875000	248
65.875000	437
65.925000	71
65.925000	411
65.975000	259
66.000000	427
66.025000	198
66.075000	151
66.150000	10
66.175000	104
66.225000	54
66.225000	138
66.250000	189
66.250000	429
66.275000	125
66.275000	159
66.300000	194
66.325000	420
66.375000	219
66.375000	484
66.375000	486
66.425000	212
66.425000	402
66.425000	417
66.425000	444
66.450000	406
66.475000	44
66.475000	372
66.525000	143
66.600000	25
66.625000	157
66.625000	215
66.625000	216
66.625000	387
66.650000	116
66.650000	474
66.675000	182
66.700000	139
66.725000	39
66.750000	72
66.750000	440
66.825000	97
66.825000	340
66.850000	20
66.875000	51
66.900000	352
66.925000	385
66.950000	188
66.950000	208
66.975000	328
67.025000	4
67.050000	358
67.075000	140
67.075000	383
67.175000	505
67.200000	260
67.250000	390
67.275000	74
67.275000	525
67.300000	217
67.325000	130
67.350000	135
67.450000	457
67.475000	84
67.475000	395
67.500000	142
67.525000	28
67.550000	253
67.625000	195
67.625000	246
67.625000	331
67.650000	108
67.650000	524
67.675000	120
67.675000	426
67.725000	126
67.750000	115
67.775000	503
67.800000	61
67.825000	202
67.875000	96
67.875000	206
67.875000	431
67.950000	35
67.950000	49
67.975000	342
67.975000	367
68.025000	272
68.025000	483
68.075000	211
68.100000	167
68.100000	318
68.100000	370
68.125000	470
68.125000	523
68.150000	454
68.150000	466
68.150000	482
68.175000	22
68.175000	175
68.175000	362
68.175000	477
68.200000	386
68.225000	110
68.225000	481
68.250000	24
68.250000	416
68.275000	122
68.275000	347
68.300000	423
68.350000	254
68.375000	228
68.375000	469
68.375000	500
68.425000	412
68.425000	438
68.450000	27
68.500000	89
68.500000	168
68.525000	18
68.550000	458
68.600000	415
68.600000	461
68.600000	464
68.625000	137
68.650000	52
68.650000	456
68.675000	58
68.675000	335
68.700000	11
68.700000	432
68.750000	245
68.800000	186
68.825000	320
68.850000	414
68.850000	501
68.900000	121
68.900000	354
68.900000	405
68.975000	496
69.000000	85
69.000000	451
69.000000	465
69.050000	98
69.100000	41
69.150000	443
69.200000	375
69.225000	45
69.225000	468
69.250000	12
69.250000	144
69.275000	264
69.325000	187
69.325000	369
69.325000	450
69.400000	185
69.400000	479
69.425000	60
69.425000	123
69.450000	32
69.450000	57
69.450000	176
69.500000	268
69.525000	158
69.525000	261
69.525000	502
69.550000	145
69.550000	191
69.550000	377
69.600000	107
69.625000	16
69.675000	404
69.675000	504
69.700000	99
69.700000	174
69.700000	238
69.725000	442
69.750000	129
69.825000	214
69.900000	353
69.925000	91
69.925000	169
69.925000	184
70.000000	204
70.025000	88
70.050000	172
70.050000	231
70.050000	321
70.050000	480
70.100000	111
70.175000	105
70.200000	37
70.200000	491
70.200000	525
70.225000	345
70.225000	382
70.250000	192
70.250000	391
70.275000	170
70.300000	243
70.300000	388
70.350000	197
70.375000	242
70.400000	397
70.400000	522
70.425000	389
70.450000	180
70.475000	322
70.500000	196
70.500000	393
70.500000	401
70.525000	133
70.550000	162
70.550000	288
70.575000	124
70.575000	262
70.575000	281
70.600000	239
70.600000	366
70.625000	203
70.650000	394
70.675000	452
70.700000	165
70.725000	505
70.750000	425
70.750000	472
70.775000	93
70.925000	5
70.975000	360
71.000000	152
71.000000	326
71.025000	424
71.050000	9
71.050000	23
71.050000	327
71.075000	43
71.075000	240
71.100000	209
71.100000	330
71.100000	343
71.100000	436
71.125000	365
71.150000	8
71.150000	494
71.175000	95
71.175000	205
71.175000	400
71.200000	59
71.200000	249
71.200000	396
71.225000	190
71.275000	399
71.300000	225
71.375000	48
71.375000	166
71.400000	114
71.425000	171
71.425000	359
71.425000	368
71.450000	277
71.475000	46
71.525000	376
71.525000	418
71.550000	156
71.550000	467
71.600000	160
71.600000	163
71.625000	476
71.650000	341
71.675000	78
71.750000	317
71.750000	361
71.750000	433
71.800000	155
71.800000	350
71.800000	434
71.800000	475
71.850000	500
71.875000	403
71.900000	199
71.900000	392
71.925000	265
71.925000	336
71.975000	234
72.000000	36
72.000000	273
72.025000	128
72.025000	410
72.025000	492
72.050000	69
72.050000	503
72.050000	523
72.125000	177
72.125000	463
72.150000	64
72.150000	80
72.175000	289
72.200000	62
72.200000	220
72.200000	501
72.275000	378
72.325000	79
72.325000	132
72.350000	407
72.400000	210
72.425000	134
72.450000	47
72.475000	355
72.550000	473
72.575000	447
72.600000	75
72.650000	346
72.675000	164
72.675000	408
72.675000	439
72.725000	441
72.725000	448
72.750000	310
72.775000	409
72.800000	223
72.825000	453
72.825000	502
72.850000	3
72.900000	413
72.925000	445
72.925000	499
72.950000	373
72.975000	150
72.975000	154
72.975000	230
72.975000	487
73.000000	19
73.025000	222
73.025000	275
73.075000	21
73.075000	147
73.100000	381
73.150000	66
73.175000	82
73.200000	498
73.250000	430
73.250000	504
73.275000	384
73.300000	83
73.300000	235
73.325000	65
73.350000	201
73.375000	86
73.400000	125
73.400000	148
73.400000	312
73.425000	179
73.425000	270
73.425000	308
73.500000	161
73.500000	287
73.500000	455
73.525000	251
73.600000	244
73.600000	282
73.625000	2
73.625000	87
73.625000	489
73.650000	284
73.700000	151
73.700000	218
73.700000	279
73.725000	207
73.725000	406
73.750000	159
73.750000	374
73.750000	460
73.775000	138
73.775000	344
73.825000	348
73.850000	357
73.850000	422
73.875000	303
73.875000	356
73.900000	459
73.950000	471
73.950000	478
74.050000	302
74.050000	488
74.075000	50
74.075000	131
74.075000	339
74.100000	100
74.100000	153
74.125000	232
74.175000	141
74.175000	213
74.250000	149
74.250000	173
74.275000	227
74.275000	256
74.300000	178
74.325000	200
74.325000	380
74.325000	484
74.350000	300
74.350000	505
74.375000	334
74.400000	437
74.400000	449
74.425000	372
74.450000	233
74.450000	364
74.525000	371
74.550000	523
74.600000	319
74.625000	102
74.625000	193
74.675000	139
74.725000	333
74.725000	485
74.750000	332
74.775000	212
74.775000	387
74.825000	229
74.825000	316
74.850000	241
74.850000	304
74.875000	358
74.875000	490
74.900000	286
74.950000	6
74.950000	255
75.000000	411
75.075000	33
75.075000	444
75.100000	266
75.125000	117
75.150000	136
75.175000	278
75.200000	216
75.200000	237
75.250000	226
75.250000	338
75.250000	446
75.250000	522
75.275000	94
75.275000	101
75.300000	113
75.300000	329
75.325000	236
75.350000	77
75.350000	250
75.350000	495
75.400000	10
75.400000	119
75.450000	395
75.525000	271
75.525000	429
75.550000	4
75.575000	324
75.600000	15
75.600000	76
75.600000	309
75.600000	351
75.600000	501
75.625000	13
75.625000	337
75.625000	500
75.650000	313
75.650000	315
75.675000	432
75.725000	146
75.750000	182
75.750000	390
75.750000	512
75.775000	157
75.800000	103
75.800000	431
75.850000	195
75.850000	198
75.875000	1
75.875000	109
75.925000	0
75.925000	167
75.950000	252
75.950000	295
76.025000	503
76.050000	502
76.075000	40
76.075000	67
76.075000	143
76.075000	375
76.100000	420
76.125000	135
76.150000	116
76.150000	363
76.175000	306
76.175000	426
76.200000	28
76.225000	301
76.275000	258
76.325000	349
76.350000	385
76.375000	127
76.375000	211
76.375000	285
76.375000	398
76.375000	421
76.375000	427
76.400000	181
76.400000	267
76.400000	362
76.400000	402
76.425000	423
76.450000	354
76.450000	370
76.450000	464
76.450000	486
76.475000	118
76.500000	202
76.500000	352
76.575000	248
76.600000	474
76.625000	517
76.650000	39
76.700000	325
76.750000	458
76.750000	470
76.800000	106
76.875000	206
76.875000	405
76.900000	247
76.900000	454
76.950000	123
76.975000	276
76.975000	504
77.000000	55
77.000000	320
77.000000	367
77.025000	189
77.050000	269
77.075000	331
77.075000	397
77.150000	383
77.175000	298
77.200000	419
77.225000	259
77.225000	328
77.225000	457
77.275000	142
77.300000	204
77.325000	260
77.350000	38
77.425000	96
77.425000	369
77.475000	30
77.475000	115
77.475000	268
77.475000	340
77.500000	228
77.525000	26
77.550000	188
77.550000	318
77.600000	272
77.650000	158
77.650000	224
77.650000	435
77.650000	505
77.700000	183
77.700000	215
77.725000	314
77.750000	191
77.775000	186
77.800000	144
77.850000	170
77.875000	42
77.875000	417
77.900000	401
77.925000	217
77.950000	104
77.950000	120
77.950000	290
77.950000	386
77.975000	175
77.975000	187
77.975000	469
78.000000	264
78.000000	415
78.050000	208
78.075000	288
78.125000	122
78.150000	29
78.150000	231
78.175000	246
78.175000	297
78.200000	35
78.200000	377
78.225000	130
78.300000	461
78.325000	412
78.350000	97
78.375000	345
78.375000	451
78.400000	192
78.400000	283
78.400000	425
78.425000	483
78.450000	438
78.475000	20
78.475000	414
78.475000	480
78.550000	382
78.575000	404
78.625000	121
78.625000	254
78.625000	416
78.650000	466
78.675000	172
78.675000	292
78.675000	323
78.675000	326
78.700000	71
78.800000	353
78.875000	299
78.950000	63
78.950000	126
78.950000	496
79.000000	25
79.000000	140
79.000000	482
79.025000	442
79.050000	400
79.100000	342
79.125000	14
79.125000	81
79.125000	253
79.175000	219
79.200000	360
79.225000	84
79.225000	368
79.225000	501
79.250000	137
79.325000	110
79.350000	16
79.350000	54
79.350000	239
79.375000	162
79.375000	281
79.400000	317
79.425000	214
79.425000	477
79.450000	225
79.475000	133
79.475000	249
79.475000	261
79.475000	343
79.475000	393
79.475000	481
79.475000	503
79.500000	327
79.500000	502
79.500000	515
79.525000	274
79.525000	443
79.575000	293
79.575000	389
79.625000	221
79.650000	165
79.650000	245
79.650000	257
79.700000	160
79.700000	322
79.700000	428
79.700000	500
79.775000	166
79.775000	184
79.800000	394
79.850000	468
79.875000	91
79.900000	61
79.900000	355
79.925000	74
79.950000	492
80.000000	277
80.000000	341
80.025000	321
80.025000	522
80.050000	174
80.050000	350
80.050000	391
80.100000	203
80.125000	242
80.150000	17
80.150000	129
80.150000	335
80.150000	440
80.200000	37
80.200000	308
80.200000	452
80.225000	92
80.275000	280
80.275000	365
80.275000	479
80.300000	108
80.300000	185
80.300000	238
80.375000	210
80.375000	265
80.400000	41
80.400000	287
80.400000	504
80.425000	378
80.450000	302
80.475000	197
80.500000	240
80.500000	291
80.525000	145
80.525000	243
80.525000	262
80.575000	105
80.575000	282
80.575000	409
80.600000	58
80.600000	107
80.600000	406
80.625000	223
80.625000	366
80.650000	330
80.675000	357
80.725000	418
80.750000	456
80.775000	347
80.800000	263
80.850000	57
80.850000	234
80.900000	399
80.900000	465
80.950000	346
80.950000	374
80.975000	209
80.975000	256
81.000000	44
81.000000	152
81.050000	220
81.075000	5
81.075000	56
81.075000	90
81.100000	164
81.100000	310
81.125000	376
81.125000	505
81.250000	472
81.275000	410
81.300000	455
81.325000	111
81.375000	27
81.375000	273
81.400000	155
81.400000	289
81.400000	407
81.450000	284
81.500000	235
81.500000	311
81.575000	304
81.575000	467
81.600000	9
81.600000	180
81.600000	300
81.675000	159
81.675000	205
81.725000	85
81.725000	177
81.750000	98
81.775000	3
81.775000	381
81.800000	150
81.800000	372
81.825000	196
81.950000	316
81.950000	359
81.975000	24
81.975000	31
82.000000	88
82.000000	361
82.025000	445
82.075000	49
82.075000	384
82.100000	356
82.125000	270
82.125000	296
82.125000	439
82.125000	450
82.150000	199
82.150000	319
82.175000	151
82.175000	348
82.175000	358
82.200000	463
82.250000	453
82.300000	312
82.350000	114
82.350000	125
82.350000	460
82.375000	156
82.375000	222
82.425000	344
82.450000	278
82.450000	502
82.475000	473
82.525000	47
82.525000	132
82.550000	275
82.575000	138
82.575000	307
82.575000	388
82.600000	11
82.600000	475
82.625000	227
82.625000	501
82.650000	430
82.675000	46
82.675000	212
82.675000	487
82.725000	72
82.725000	286
82.725000	309
82.750000	387
82.775000	303
82.775000	332
82.775000	448
82.800000	171
82.800000	251
82.875000	266
82.875000	364
82.900000	279
82.925000	68
82.925000	124
82.925000	408
82.950000	87
82.975000	21
83.000000	313
83.075000	179
83.075000	371
83.100000	491
83.125000	64
83.125000	336
83.125000	497
83.175000	168
83.175000	375
83.225000	294
83.250000	154
83.250000	200
83.250000	503
83.275000	226
83.300000	139
83.325000	59
83.350000	60
83.350000	493
83.375000	434
83.400000	8
83.400000	161
83.400000	337
83.400000	392
83.450000	73
83.450000	433
83.475000	380
83.475000	403
83.500000	301
83.500000	514
83.525000	232
83.550000	305
83.600000	213
83.625000	153
83.650000	244
83.675000	230
83.700000	354
83.725000	62
83.725000	95
83.725000	163
83.725000	176
83.775000	255
83.775000	315
83.775000	471
83.800000	148
83.800000	504
83.825000	178
83.850000	276
83.850000	334
83.850000	449
83.850000	522
83.875000	271
83.900000	339
83.900000	441
83.925000	306
83.925000	351
83.925000	395
83.925000	500
83.950000	320
83.975000	52
84.000000	18
84.000000	51
84.000000	216
84.000000	236
84.000000	295
84.000000	396
84.025000	128
84.025000	324
84.075000	7
84.125000	101
84.125000	218
84.125000	413
84.150000	288
84.175000	23
84.175000	79
84.175000	484
84.200000	32
84.200000	476
84.225000	333
84.250000	134
84.250000	268
84.250000	390
84.275000	362
84.300000	233
84.350000	431
84.350000	478
84.375000	329
84.375000	444
84.400000	75
84.475000	397
84.475000	405
84.525000	167
84.525000	173
84.550000	182
84.550000	370
84.575000	195
84.575000	505
84.600000	19
84.600000	424
84.650000	191
84.650000	437
84.675000	193
84.700000	131
84.700000	204
84.750000	149
84.775000	260
84.775000	432
84.800000	488
84.850000	259
84.850000	338
84.875000	123
84.875000	352
84.900000	325
84.925000	201
84.975000	248
85.000000	458
85.025000	446
85.050000	252
85.050000	423
85.150000	28
85.150000	198
85.225000	373
85.225000	385
85.225000	411
85.225000	422
85.275000	241
85.275000	447
85.300000	45
85.300000	272
85.325000	298
85.350000	426
85.400000	211
85.400000	250
85.400000	258
85.400000	379
85.475000	80
85.475000	207
85.500000	513
85.525000	135
85.575000	367
85.600000	237
85.600000	436
85.625000	89
85.625000	318
85.650000	498
85.675000	470
85.700000	170
85.700000	264
85.775000	283
85.800000	345
85.825000	147
85.825000	349
85.825000	501
85.825000	502
85.850000	4
85.850000	267
85.875000	328
85.875000	368
85.875000	489
85.900000	157
86.000000	48
86.000000	143
86.000000	401
86.025000	231
86.025000	369
86.050000	331
86.075000	43
86.075000	206
86.075000	326
86.150000	340
86.225000	285
86.225000	425
86.300000	86
86.300000	169
86.300000	229
86.300000	297
86.325000	522
86.350000	302
86.375000	228
86.400000	299
86.400000	308
86.400000	317
86.450000	249
86.450000	363
86.450000	429
86.450000	503
86.475000	99
86.475000	287
86.475000	464
86.500000	119
86.500000	355
86.525000	10
86.525000	36
86.550000	158
86.550000	202
86.575000	290
86.575000	377
86.600000	474
86.650000	459
86.675000	225
86.725000	141
86.750000	113
86.750000	254
86.775000	282
86.800000	486
86.825000	281
86.875000	382
86.925000	83
86.925000	192
86.950000	109
86.950000	247
86.975000	2
87.000000	187
87.025000	116
87.025000	322
87.025000	357
87.025000	504
87.050000	117
87.075000	343
87.075000	402
87.100000	50
87.100000	136
87.125000	94
87.125000	454
87.175000	77
87.200000	12
87.200000	277
87.200000	400
87.250000	127
87.250000	186
87.275000	93
87.275000	327
87.275000	360
87.300000	40
87.300000	457
87.325000	421
87.350000	353
87.350000	420
87.400000	65
87.400000	415
87.400000	451
87.425000	383
87.475000	189
87.500000	96
87.525000	256
87.575000	6
87.575000	323
87.575000	480
87.600000	69
87.625000	292
87.625000	293
87.650000	239
87.650000	374
87.675000	115
87.675000	172
87.675000	269
87.700000	39
87.700000	314
87.700000	341
87.775000	386
87.800000	26
87.825000	304
87.900000	350
87.925000	13
87.925000	142
87.925000	144
87.925000	261
87.950000	406
87.950000	469
88.000000	316
88.025000	500
88.050000	188
88.050000	321
88.125000	100
88.125000	210
88.175000	404
88.200000	181
88.200000	490
88.225000	190
88.225000	253
88.250000	461
88.250000	505
88.275000	483
88.300000	214
88.350000	33
88.350000	106
88.350000	215
88.375000	492
88.475000	495
88.500000	438
88.525000	265
88.525000	342
88.525000	346
88.550000	194
88.550000	217
88.575000	246
88.575000	335
88.575000	409
88.600000	300
88.600000	372
88.625000	162
88.625000	389
88.650000	76
88.650000	223
88.650000	398
88.700000	166
88.725000	38
88.775000	414
88.825000	34
88.825000	284
88.850000	82
88.875000	15
88.875000	442
88.925000	412
88.950000	234
88.950000	274
88.975000	482
88.975000	502
89.025000	120
89.025000	133
89.025000	319
89.025000	330
89.025000	393
89.100000	310
89.125000	103
89.125000	175
89.175000	165
89.200000	122
89.200000	309
89.200000	496
89.200000	501
89.250000	378
89.250000	455
89.275000	278
89.300000	208
89.300000	235
89.325000	266
89.325000	365
89.450000	245
89.475000	35
89.475000	121
89.475000	332
89.525000	289
89.625000	220
89.650000	112
89.650000	394
89.675000	418
89.725000	262
89.725000	358
89.750000	160
89.750000	203
89.750000	348
89.750000	443
89.775000	485
89.800000	276
89.825000	313
89.900000	184
89.900000	240
89.950000	320
89.950000	503
89.975000	130
90.000000	242
90.075000	164
90.075000	288
90.075000	375
90.100000	42
90.100000	416
90.125000	452
90.150000	66
90.150000	280
90.175000	257
90.200000	209
90.200000	243
90.200000	273
90.225000	419
90.225000	504
90.325000	270
90.325000	427
90.350000	344
90.350000	399
90.375000	212
90.500000	16
90.500000	183
90.500000	356
90.525000	481
90.550000	366
90.600000	286
90.625000	91
90.625000	312
90.650000	146
90.650000	354
90.675000	391
90.700000	155
90.700000	159
90.700000	268
90.700000	301
90.700000	407
90.725000	376
90.725000	381
90.725000	417
90.750000	197
90.825000	174
90.825000	337
90.875000	238
90.875000	263
90.875000	387
90.925000	5
91.050000	224
91.050000	291
91.050000	410
91.075000	364
91.100000	102
91.100000	303
91.125000	110
91.125000	137
91.125000	140
91.150000	125
91.150000	445
91.200000	97
91.200000	315
91.275000	306
91.300000	467
91.325000	384
91.350000	466
91.375000	311
91.400000	226
91.400000	361
91.400000	362
91.425000	138
91.425000	222
91.450000	1
91.450000	3
91.450000	74
91.475000	435
91.500000	37
91.525000	150
91.525000	462
91.550000	199
91.550000	453
91.575000	70
91.600000	347
91.625000	227
91.625000	260
91.650000	47
91.650000	468
91.700000	295
91.725000	473
91.750000	67
91.825000	25
91.825000	219
91.850000	259
91.900000	126
91.925000	185
91.925000	275
91.925000	439
91.950000	371
91.975000	279
92.000000	505
92.050000	151
92.050000	271
92.075000	502
92.100000	9
92.100000	251
92.125000	397
92.200000	351
92.225000	129
92.250000	191
92.300000	324
92.350000	213
92.350000	465
92.375000	431
92.400000	255
92.425000	53
92.450000	20
92.450000	177
92.450000	296
92.475000	46
92.475000	152
92.475000	448
92.500000	204
92.500000	460
92.500000	499
92.525000	61
92.525000	71
92.550000	78
92.575000	139
92.600000	205
92.600000	294
92.600000	449
92.600000	472
92.650000	334
92.675000	359
92.675000	370
92.700000	317
92.775000	500
92.800000	355
92.825000	84
92.825000	114
92.850000	307
92.850000	325
92.850000	430
92.875000	308
92.875000	477
92.900000	405
92.900000	463
92.900000	501
92.925000	118
92.925000	302
92.925000	408
92.950000	179
92.950000	221
92.950000	236
92.975000	54
93.050000	200
93.050000	249
93.075000	264
93.100000	87
93.100000	368
93.125000	108
93.125000	272
93.150000	333
93.175000	81
93.175000	107
93.200000	123
93.225000	352
93.250000	58
93.250000	345
93.250000	504
93.275000	225
93.275000	231
93.275000	283
93.300000	195
93.300000	216
93.300000	390
93.350000	282
93.350000	423
93.350000	440
93.400000	287
93.425000	161
93.425000	298
93.450000	98
93.450000	326
93.475000	154
93.550000	105
93.575000	104
93.600000	167
93.600000	244
93.625000	248
93.650000	41
93.675000	380
93.675000	503
93.700000	196
93.750000	182
93.775000	277
93.775000	322
93.775000	339
93.800000	252
93.800000	318
93.825000	297
93.825000	299
93.825000	329
93.825000	456
93.850000	281
93.900000	425
93.950000	401
93.975000	148
93.975000	395
94.000000	458
94.025000	24
94.050000	471
94.075000	232
94.075000	357
94.100000	487
94.125000	218
94.175000	444
94.225000	178
94.250000	57
94.275000	304
94.275000	336
94.300000	233
94.325000	145
94.350000	385
94.425000	256
94.425000	369
94.450000	198
94.525000	156
94.525000	367
94.550000	193
94.550000	374
94.575000	132
94.575000	338
94.625000	170
94.650000	305
94.650000	331
94.675000	44
94.675000	173
94.725000	206
94.725000	328
94.750000	290
94.750000	434
94.775000	267
94.775000	316
94.825000	377
94.850000	153
94.875000	211
94.925000	382
94.925000	426
94.950000	484
94.950000	502
94.975000	254
94.975000	411
95.125000	192
95.150000	258
95.150000	432
95.175000	135
95.200000	327
95.225000	27
95.250000	332
95.275000	163
95.275000	180
95.350000	101
95.375000	491
95.425000	340
95.425000	343
95.425000	479
95.450000	266
95.475000	143
95.475000	475
95.500000	21
95.500000	341
95.575000	250
95.575000	350
95.600000	360
95.650000	4
95.650000	124
95.675000	230
95.700000	293
95.700000	319
95.725000	446
95.750000	11
95.750000	28
95.750000	88
95.750000	134
95.775000	111
95.775000	239
95.775000	349
95.775000	470
95.825000	285
95.975000	505
96.000000	241
96.000000	388
96.000000	441
96.025000	396
96.050000	131
96.050000	202
96.050000	392
96.100000	300
96.100000	321
96.175000	265
96.200000	346
96.200000	400
96.200000	403
96.225000	406
96.250000	157
96.250000	309
96.275000	171
96.275000	237
96.300000	64
96.300000	372
96.300000	488
96.350000	353
96.375000	60
96.375000	63
96.375000	210
96.400000	276
96.400000	284
96.400000	494
96.425000	201
96.425000	433
96.425000	480
96.450000	228
96.500000	158
96.500000	261
96.525000	288
96.600000	29
96.600000	313
96.600000	501
96.600000	504
96.625000	17
96.625000	413
96.675000	187
96.675000	207
96.700000	62
96.750000	247
96.800000	422
96.825000	75
96.825000	223
96.825000	323
96.850000	186
96.850000	459
96.900000	85
96.900000	214
96.900000	310
96.900000	415
96.925000	320
96.925000	503
96.950000	8
96.975000	500
97.100000	235
97.100000	278
97.125000	234
97.150000	189
97.175000	172
97.250000	253
97.250000	292
97.250000	424
97.250000	451
97.300000	330
97.325000	119
97.350000	59
97.350000	94
97.375000	116
97.375000	375
97.425000	335
97.425000	492
97.500000	409
97.600000	289
97.650000	92
97.650000	96
97.675000	149
97.675000	344
97.675000	354
97.675000	437
97.675000	454
97.700000	55
97.700000	268
97.750000	79
97.750000	404
97.750000	457
97.750000	478
97.775000	229
97.800000	348
97.800000	358
97.950000	306
97.975000	314
97.975000	378
98.025000	144
98.025000	315
98.050000	128
98.050000	212
98.100000	337
98.175000	166
98.200000	246
98.200000	464
98.200000	502
98.250000	260
98.250000	363
98.275000	215
98.325000	259
98.325000	386
98.425000	342
98.425000	429
98.450000	286
98.450000	301
98.525000	438
98.525000	461
98.525000	474
98.600000	109
98.600000	274
98.675000	19
98.675000	49
98.675000	373
98.700000	127
98.700000	162
98.700000	365
98.750000	476
98.800000	469
98.850000	31
98.875000	383
98.875000	421
98.900000	14
98.925000	117
98.975000	220
98.975000	317
98.975000	389
98.975000	418
99.000000	23
99.000000	32
99.000000	308
99.025000	115
99.125000	142
99.150000	176
99.150000	295
99.150000	483
99.175000	270
99.200000	312
99.200000	362
99.225000	188
99.225000	203
99.300000	397
99.325000	486
99.350000	164
99.350000	302
99.400000	420
99.400000	455
99.450000	141
99.475000	120
99.500000	95
99.525000	273
99.525000	364
99.525000	447
99.525000	505
99.600000	355
99.675000	90
99.675000	204
99.675000	262
99.700000	402
99.725000	269
99.775000	414
99.800000	282
99.800000	356
99.825000	136
99.875000	77
99.975000	52
99.975000	412
100.000000	243
100.025000	72
100.025000	303
100.025000	504
100.050000	242
100.050000	496
100.100000	45
100.100000	165
100.100000	387
100.125000	147
100.125000	159
100.200000	122
100.200000	393
100.225000	226
100.250000	240
100.300000	133
100.300000	245
100.325000	287
100.350000	39
100.350000	160
100.350000	168
100.350000	381
100.375000	48
100.400000	125
100.400000	450
100.475000	50
100.475000	264
100.475000	498
100.500000	217
100.500000	271
100.500000	322
100.525000	489
100.600000	272
100.600000	280
100.600000	394
100.600000	501
100.625000	10
100.625000	18
100.625000	304
100.650000	231
100.650000	445
100.725000	361
100.725000	503
100.750000	138
100.750000	324
100.750000	407
100.800000	209
100.900000	197
100.925000	256
100.950000	482
100.950000	500
101.025000	249
101.025000	281
101.050000	399
101.075000	351
101.075000	357
101.125000	277
101.150000	5
101.150000	86
101.175000	263
101.175000	279
101.175000	316
101.175000	326
101.200000	297
101.225000	113
101.250000	121
101.250000	257
101.275000	191
101.275000	199
101.300000	68
101.325000	222
101.350000	345
101.375000	181
101.375000	213
101.375000	255
101.425000	155
101.500000	311
101.500000	334
101.525000	106
101.525000	449
101.575000	442
101.600000	36
101.600000	150
101.625000	195
101.625000	370
101.625000	371
101.700000	368
101.700000	431
101.725000	80
101.750000	275
101.775000	325
101.775000	436
101.825000	502
101.850000	225
101.850000	366
101.875000	103
101.900000	6
101.950000	83
101.950000	473
101.975000	294
101.975000	391
101.975000	401
102.000000	299
102.000000	374
102.025000	332
102.075000	227
102.075000	452
102.100000	251
102.125000	3
102.125000	376
102.150000	184
102.200000	208
102.200000	410
102.225000	318
102.225000	425
102.250000	423
102.275000	38
102.275000	151
102.300000	238
102.300000	283
102.350000	33
102.400000	369
102.525000	100
102.600000	298
102.600000	481
102.625000	123
102.650000	443
102.700000	319
102.725000	56
102.725000	175
102.800000	236
102.825000	467
102.925000	384
102.925000	430
102.950000	91
102.950000	398
102.950000	439
102.975000	47
103.000000	35
103.000000	174
103.025000	13
103.025000	15
103.050000	266
103.100000	405
103.100000	428
103.125000	248
103.125000	352
103.150000	26
103.150000	276
103.150000	291
103.175000	169
103.175000	288
103.250000	200
103.250000	505
103.275000	252
103.275000	309
103.300000	504
103.325000	290
103.375000	167
103.550000	216
103.575000	390
103.575000	448
103.625000	99
103.625000	333
103.650000	267
103.725000	490
103.775000	40
103.800000	205
103.800000	254
103.850000	327
103.850000	416
103.875000	69
103.875000	300
103.875000	497
103.900000	427
103.925000	350
103.950000	182
103.950000	495
103.975000	359
104.025000	139
104.025000	372
104.050000	411
104.050000	458
104.050000	460
104.075000	284
104.125000	296
104.125000	307
104.125000	377
104.150000	331
104.150000	382
104.225000	9
104.300000	170
104.300000	313
104.300000	360
104.325000	329
104.325000	375
104.325000	417
104.325000	463
104.375000	320
104.400000	244
104.425000	321
104.450000	179
104.450000	278
104.450000	293
104.450000	419
104.475000	89
104.475000	193
104.500000	367
104.525000	152
104.525000	206
104.550000	503
104.575000	343
104.600000	232
104.600000	341
104.625000	265
104.650000	137
104.650000	223
104.650000	501
104.675000	183
104.675000	453
104.725000	76
104.725000	173
104.750000	268
104.775000	87
104.775000	380
104.800000	97
104.825000	426
104.850000	239
104.875000	43
104.900000	42
104.900000	310
104.925000	130
104.925000	466
105.000000	2
105.025000	110
105.025000	177
105.025000	211
105.050000	161
105.075000	487
105.125000	406
105.150000	154
105.175000	306
105.225000	258
105.225000	328
105.275000	471
105.300000	233
105.300000	358
105.300000	500
105.350000	129
105.350000	502
105.425000	140
105.425000	185
105.475000	178
105.475000	235
105.500000	305
105.525000	46
105.575000	16
105.625000	260
105.675000	148
105.675000	224
105.700000	82
105.725000	158
105.725000	339
105.725000	354
105.750000	344
105.750000	346
105.750000	444
105.775000	261
105.775000	338
105.825000	198
105.850000	51
105.850000	192
105.875000	395
105.925000	172
105.925000	214
105.950000	317
105.975000	74
105.975000	101
106.000000	65
106.025000	289
106.100000	285
106.100000	485
106.125000	210
106.150000	337
106.175000	385
106.200000	315
106.200000	353
106.200000	409
106.225000	480
106.250000	308
106.300000	349
106.400000	247
106.400000	282
106.425000	218
106.450000	400
106.450000	468
106.500000	108
106.500000	234
106.500000	259
106.500000	302
106.525000	295
106.575000	37
106.575000	301
106.575000	408
106.600000	330
106.625000	340
106.650000	143
106.650000	378
106.650000	446
106.700000	336
106.700000	432
106.800000	156
106.825000	114
106.850000	355
106.875000	323
107.025000	186
107.025000	253
107.050000	132
107.075000	286
107.100000	212
107.125000	58
107.125000	135
107.175000	470
107.175000	504
107.225000	219
107.225000	415
107.250000	472
107.275000	505
107.325000	250
107.325000	492
107.375000	292
107.375000	335
107.450000	451
107.475000	1
107.475000	304
107.500000	347
107.525000	153
107.575000	397
107.600000	241
107.600000	287
107.625000	28
107.700000	228
107.750000	348
107.825000	454
107.875000	124
107.875000	126
107.950000	484
108.050000	21
108.050000	196
108.100000	166
108.125000	434
108.175000	364
108.200000	316
108.200000	435
108.275000	237
108.275000	418
108.275000	465
108.350000	277
108.400000	4
108.400000	54
108.400000	404
108.425000	501
108.450000	256
108.475000	503
108.500000	249
108.550000	272
108.550000	314
108.550000	322
108.575000	281
108.575000	392
108.600000	204
108.600000	502
108.625000	187
108.675000	357
108.700000	231
108.725000	342
108.750000	190
108.750000	220
108.750000	312
108.775000	144
108.775000	202
108.800000	477
108.825000	98
108.850000	96
108.900000	456
108.925000	105
108.925000	107
109.000000	264
109.000000	273
109.025000	332
109.050000	134
109.050000	207
109.200000	365
109.250000	270
109.250000	362
109.250000	493
109.275000	20
109.300000	475
109.325000	64
109.350000	326
109.425000	271
109.450000	11
109.450000	104
109.525000	131
109.550000	459
109.625000	319
109.675000	230
109.700000	162
109.700000	246
109.725000	84
109.725000	297
109.725000	457
109.750000	201
109.750000	229
109.750000	356
109.750000	396
109.775000	93
109.800000	180
109.800000	195
109.800000	413
109.825000	24
109.825000	455
109.850000	189
109.925000	125
109.950000	215
109.950000	225
109.975000	303
109.975000	345
110.050000	274
110.050000	324
110.050000	374
110.050000	387
110.075000	363
110.075000	464
110.200000	119
110.200000	276
110.200000	279
110.225000	57
110.225000	226
110.250000	334
110.275000	138
110.275000	488
110.325000	309
110.450000	44
110.500000	438
110.500000	500
110.525000	266
110.550000	102
110.550000	299
110.575000	381
110.575000	491
110.600000	368
110.625000	157
110.625000	318
110.675000	111
110.725000	288
110.725000	422
110.750000	66
110.750000	118
110.750000	351
110.775000	159
110.800000	203
110.875000	133
110.875000	164
110.875000	504
110.950000	389
111.025000	8
111.025000	425
111.025000	483
111.075000	221
111.125000	191
111.150000	41
111.150000	320
111.200000	394
111.225000	402
111.275000	361
111.325000	371
111.325000	393
111.325000	437
111.325000	505
111.350000	222
111.350000	240
111.350000	300
111.375000	115
111.375000	199
111.425000	163
111.425000	213
111.425000	255
111.425000	440
111.475000	145
111.525000	386
111.575000	188
111.625000	325
111.650000	424
111.675000	165
111.675000	197
111.700000	160
111.700000	369
111.700000	469
111.775000	445
111.800000	278
111.875000	502
111.925000	81
111.950000	50
111.950000	461
111.975000	150
112.000000	262
112.100000	372
112.125000	294
112.125000	370
112.175000	478
112.200000	313
112.200000	401
112.225000	429
112.300000	61
112.300000	503
112.325000	275
112.325000	284
112.350000	60
112.350000	280
112.350000	327
112.400000	311
112.425000	88
112.450000	0
112.450000	268
112.475000	243
112.475000	433
112.475000	501
112.500000	431
112.525000	423
112.550000	399
112.575000	71
112.700000	245
112.725000	5
112.725000	116
112.725000	149
112.725000	269
112.750000	496
112.775000	127
112.800000	209
112.825000	257
112.850000	298
112.875000	248
112.875000	388
112.900000	146
112.925000	375
112.975000	265
113.000000	23
113.000000	242
113.000000	290
113.025000	22
113.050000	308
113.125000	254
113.125000	383
113.175000	45
113.175000	223
113.175000	358
113.175000	391
113.200000	263
113.200000	283
113.200000	377
113.250000	155
113.275000	302
113.350000	142
113.350000	236
113.350000	282
113.350000	321
113.375000	352
113.375000	414
113.400000	252
113.400000	441
113.425000	267
113.425000	306
113.525000	19
113.600000	94
113.600000	167
113.600000	170
113.600000	449
113.625000	147
113.625000	421
113.650000	120
113.675000	62
113.700000	151
113.725000	260
113.750000	411
113.775000	109
113.825000	251
113.850000	350
113.875000	331
113.875000	344
113.925000	317
113.925000	489
113.975000	59
114.000000	227
114.025000	405
114.050000	67
114.050000	235
114.075000	360
114.125000	25
114.125000	217
114.150000	117
114.225000	200
114.250000	310
114.250000	406
114.275000	123
114.275000	467
114.325000	355
114.350000	171
114.350000	216
114.350000	410
114.400000	403
114.425000	341
114.475000	474
114.525000	504
114.550000	343
114.575000	407
114.575000	486
114.625000	354
114.675000	293
114.700000	412
114.700000	473
114.725000	232
114.725000	458
114.775000	382
114.825000	47
114.825000	238
114.925000	3
114.975000	366
115.000000	239
115.050000	182
115.075000	291
115.075000	337
115.100000	295
115.125000	211
115.125000	373
115.150000	384
115.225000	304
115.250000	75
115.275000	500
115.300000	206
115.350000	315
115.350000	367
115.400000	92
115.400000	122
115.400000	430
115.400000	481
115.425000	333
115.500000	482
115.525000	505
115.550000	503
115.575000	184
115.575000	328
115.575000	452
115.600000	193
115.725000	502
115.750000	287
115.750000	301
115.775000	442
115.800000	289
115.825000	390
115.825000	460
115.850000	128
115.875000	121
115.875000	329
115.925000	261
115.950000	501
116.025000	172
116.025000	426
116.050000	244
116.050000	316
116.100000	85
116.125000	259
116.150000	286
116.175000	249
116.175000	409
116.200000	10
116.200000	277
116.200000	479
116.225000	357
116.250000	258
116.300000	346
116.375000	174
116.425000	139
116.475000	212
116.500000	256
116.525000	376
116.550000	476
116.575000	498
116.600000	439
116.625000	141
116.650000	179
116.650000	378
116.675000	285
116.725000	173
116.750000	152
116.825000	101
116.825000	234
116.850000	178
116.850000	448
116.875000	181
116.900000	27
116.925000	253
116.925000	447
116.950000	397
116.975000	330
117.050000	158
117.100000	305
117.125000	359
117.200000	276
117.250000	487
117.275000	136
117.275000	205
117.275000	272
117.275000	281
117.375000	192
117.450000	364
117.475000	210
117.500000	420
117.550000	91
117.550000	288
117.600000	17
117.650000	307
117.675000	453
117.700000	443
117.725000	380
117.775000	106
117.825000	214
117.850000	204
117.850000	231
117.875000	309
117.900000	266
117.900000	296
117.900000	332
117.925000	319
117.925000	338
118.000000	353
118.025000	143
118.025000	322
118.050000	348
118.050000	432
118.100000	97
118.125000	400
118.150000	177
118.175000	247
118.200000	186
118.275000	395
118.300000	233
118.350000	264
118.375000	323
118.400000	415
118.400000	470
118.450000	335
118.450000	450
118.450000	504
118.475000	340
118.600000	228
118.650000	148
118.650000	446
118.675000	374
118.725000	326
118.750000	153
118.850000	129
118.850000	273
118.875000	37
118.875000	220
118.950000	69
119.025000	198
119.025000	480
119.075000	502
119.225000	349
119.225000	427
119.250000	345
119.275000	40
119.275000	83
119.325000	241
119.350000	28
119.375000	320
119.375000	454
119.425000	18
119.450000	365
119.525000	334
119.575000	339
119.600000	312
119.600000	503
119.625000	271
119.650000	270
119.675000	362
119.675000	451
119.675000	463
119.725000	77
119.750000	166
119.775000	356
119.800000	250
119.825000	292
119.850000	299
119.900000	132
119.925000	279
119.950000	195
119.950000	278
120.050000	175
120.050000	313
120.100000	218
120.100000	300
120.175000	501
120.225000	297
120.225000	471
120.250000	308
120.275000	404
120.300000	225
120.325000	318
120.325000	342
120.375000	505
120.425000	46
120.425000	79
120.450000	161
120.450000	444
120.475000	135
120.475000	425
120.525000	284
120.525000	500
120.550000	96
120.600000	464
120.650000	268
120.725000	368
120.775000	9
120.775000	398
120.775000	418
120.800000	6
120.850000	187
120.850000	324
120.850000	336
120.975000	303
121.000000	12
121.050000	282
121.175000	226
121.225000	372
121.300000	21
121.325000	314
121.325000	385
121.450000	387
121.525000	191
121.575000	162
121.675000	140
121.700000	208
121.725000	222
121.750000	327
121.775000	159
121.800000	237
121.825000	455
121.975000	408
122.000000	302
122.075000	306
122.075000	325
122.175000	137
122.175000	168
122.225000	108
122.300000	369
122.325000	419
122.425000	504
122.500000	381
122.575000	255
122.575000	317
122.575000	401
122.625000	406
122.650000	125
122.650000	375
122.725000	492
122.725000	502
122.750000	246
122.775000	351
122.850000	154
122.850000	355
122.925000	298
123.000000	164
123.000000	371
123.100000	248
123.100000	304
123.100000	316
123.100000	495
123.125000	213
123.125000	321
123.175000	274
123.200000	144
123.200000	275
123.225000	160
123.325000	183
123.350000	377
123.425000	358
123.450000	156
123.450000	202
123.450000	265
123.450000	294
123.500000	219
123.500000	260
123.525000	138
123.525000	199
123.550000	203
123.550000	344
123.600000	343
123.600000	361
123.600000	468
123.625000	354
123.650000	240
123.700000	252
123.750000	290
123.825000	352
123.875000	445
123.925000	484
124.025000	254
124.025000	389
124.025000	503
124.200000	230
124.225000	223
124.225000	475
124.300000	287
124.350000	86
124.450000	416
124.500000	267
124.525000	130
124.525000	360
124.525000	394
124.575000	434
124.675000	236
124.700000	337
124.800000	170
124.800000	229
124.825000	256
124.875000	370
124.900000	363
124.950000	331
124.975000	501
125.025000	188
125.075000	283
125.125000	36
125.125000	50
125.150000	315
125.175000	357
125.200000	288
125.250000	235
125.275000	467
125.325000	423
125.325000	490
125.350000	350
125.400000	295
125.525000	115
125.525000	431
125.575000	311
125.600000	310
125.700000	165
125.750000	301
125.800000	150
125.800000	185
125.800000	341
125.825000	286
125.850000	505
125.875000	399
125.900000	293
125.925000	107
125.950000	391
125.975000	346
126.000000	472
126.125000	259
126.175000	197
126.200000	249
126.325000	215
126.325000	405
126.375000	276
126.400000	277
126.400000	367
126.425000	131
126.425000	309
126.425000	504
126.450000	319
126.500000	114
126.575000	105
126.625000	280
126.625000	417
126.625000	483
126.675000	224
126.700000	393
126.700000	456
126.750000	227
126.800000	207
126.800000	449
126.800000	500
126.925000	243
126.950000	257
126.950000	262
126.950000	328
127.000000	157
127.050000	266
127.075000	281
127.075000	386
127.150000	123
127.150000	502
127.200000	172
127.225000	119
127.225000	382
127.275000	127
127.350000	330
127.375000	212
127.425000	13
127.475000	332
127.500000	239
127.500000	272
127.575000	379
127.650000	411
127.725000	378
127.775000	390
127.850000	234
127.850000	413
127.900000	189
127.925000	261
127.925000	289
127.925000	402
127.950000	410
127.975000	407
128.000000	258
128.175000	329
128.225000	151
128.225000	421
128.225000	466
128.250000	384
128.275000	182
128.300000	333
128.325000	269
128.375000	245
128.475000	263
128.475000	374
128.475000	437
128.500000	209
128.525000	155
128.525000	322
128.525000	397
128.600000	200
128.600000	201
128.625000	503
128.650000	231
128.700000	2
128.725000	345
128.750000	196
128.875000	251
128.900000	264
128.925000	430
128.950000	278
129.025000	184
129.025000	320
129.100000	211
129.125000	364
129.200000	308
129.225000	313
129.300000	167
129.325000	284
129.350000	124
129.350000	232
129.500000	496
129.550000	285
129.600000	273
129.700000	334
129.725000	244
129.725000	501
129.800000	216
129.875000	326
129.900000	268
129.950000	238
129.975000	383
130.025000	347
130.050000	429
130.100000	206
130.125000	253
130.125000	335
130.150000	282
130.150000	409
130.325000	4
130.425000	133
130.425000	348
130.425000	487
130.450000	204
130.450000	291
130.525000	504
130.550000	116
130.600000	134
130.600000	300
130.675000	318
130.750000	502
130.775000	142
130.775000	299
130.925000	317
130.975000	242
131.150000	400
131.175000	143
131.175000	368
131.250000	338
131.275000	111
131.275000	415
131.375000	152
131.375000	425
131.475000	435
131.500000	225
131.500000	426
131.525000	461
131.575000	505
131.600000	192
131.600000	271
131.625000	304
131.625000	438
131.675000	198
131.675000	312
131.725000	305
131.750000	366
131.775000	359
131.825000	414
131.900000	153
131.900000	302
131.900000	340
131.900000	362
131.975000	356
131.975000	376
132.200000	279
132.250000	303
132.250000	327
132.250000	424
132.275000	306
132.275000	316
132.275000	372
132.325000	247
132.450000	256
132.475000	446
132.500000	324
132.550000	210
132.550000	358
132.575000	353
132.600000	406
132.625000	149
132.625000	355
132.700000	292
132.750000	323
132.825000	214
132.850000	226
132.875000	342
133.025000	297
133.100000	220
133.100000	265
133.250000	179
133.250000	195
133.325000	191
133.425000	180
133.525000	186
133.525000	287
133.550000	228
133.625000	503
133.675000	270
133.700000	241
133.850000	298
133.950000	375
133.975000	260
134.125000	193
134.125000	343
134.150000	451
134.150000	500
134.175000	288
134.300000	339
134.375000	248
134.375000	351
134.400000	365
134.400000	504
134.475000	158
134.550000	233
134.625000	122
134.625000	396
134.625000	404
134.650000	501
134.750000	380
134.825000	187
134.850000	454
134.875000	222
134.875000	432
134.975000	387
135.050000	275
135.050000	369
135.100000	321
135.150000	392
135.150000	412
135.175000	223
135.175000	325
135.200000	177
135.275000	354
135.300000	237
135.325000	173
135.325000	344
135.375000	255
135.375000	360
135.375000	502
135.400000	252
135.450000	277
135.475000	357
135.575000	250
135.600000	349
135.650000	453
135.675000	240
135.675000	337
135.775000	246
135.775000	395
135.825000	166
135.825000	213
135.825000	307
135.825000	315
136.000000	332
136.075000	319
136.100000	309
136.275000	235
136.300000	346
136.450000	295
136.475000	217
136.650000	159
136.650000	266
136.700000	274
136.700000	401
136.750000	301
136.800000	296
136.800000	381
136.850000	422
136.875000	254
136.900000	290
137.025000	148
137.075000	249
137.075000	259
137.200000	276
137.200000	310
137.250000	283
137.500000	503
137.550000	505
137.650000	350
137.700000	352
137.700000	394
137.750000	389
137.825000	377
137.900000	470
137.975000	125
137.975000	458
138.000000	178
138.025000	170
138.150000	286
138.275000	439
138.350000	161
138.375000	331
138.425000	361
138.450000	313
138.500000	236
138.525000	218
138.575000	341
138.575000	418
138.625000	231
138.625000	320
138.725000	267
138.725000	281
138.725000	371
138.725000	504
138.775000	160
138.800000	388
138.800000	460
138.850000	336
138.900000	293
138.900000	448
138.925000	294
139.175000	272
139.175000	308
139.175000	370
139.275000	203
139.275000	314
139.600000	268
139.600000	391
139.675000	367
139.825000	284
139.850000	264
139.875000	239
139.900000	282
139.925000	164
139.950000	322
140.000000	501
140.100000	330
140.150000	328
140.175000	502
140.200000	212
140.200000	345
140.275000	374
140.300000	317
140.325000	385
140.375000	261
140.500000	227
140.575000	204
140.675000	258
140.700000	234
140.850000	289
140.900000	329
141.050000	363
141.175000	162
141.425000	199
141.425000	302
141.500000	304
141.550000	326
141.575000	278
141.600000	138
141.650000	382
141.850000	273
142.075000	334
142.175000	378
142.200000	355
142.225000	393
142.325000	300
142.450000	423
142.475000	318
142.550000	256
142.600000	384
142.625000	503
142.675000	364
142.800000	262
142.850000	410
142.900000	335
142.950000	397
143.200000	372
143.200000	504
143.275000	226
143.275000	316
143.425000	442
143.650000	500
143.700000	358
143.725000	288
143.850000	269
143.900000	243
143.950000	327
143.950000	348
143.975000	411
144.025000	211
144.050000	271
144.200000	333
144.250000	299
144.375000	343
144.550000	407
144.700000	306
144.700000	311
144.825000	303
144.850000	232
144.850000	263
145.025000	205
145.100000	409
145.100000	502
145.275000	229
145.450000	505
145.500000	368
145.575000	357
145.675000	356
145.750000	312
145.775000	280
146.050000	309
146.075000	260
146.075000	362
146.100000	188
146.100000	221
146.225000	287
146.300000	285
146.300000	375
146.350000	405
146.550000	399
146.650000	332
146.725000	406
146.850000	315
146.950000	297
147.025000	373
147.125000	251
147.125000	266
147.125000	503
147.150000	230
147.275000	354
147.325000	383
147.425000	324
147.575000	408
147.725000	276
147.750000	298
147.800000	277
147.850000	340
148.050000	337
148.200000	249
148.250000	259
148.250000	431
148.275000	319
148.400000	295
148.425000	253
148.450000	291
148.500000	504
148.600000	359
148.825000	351
148.900000	323
149.125000	282
149.450000	344
149.500000	425
149.825000	244
149.875000	365
149.875000	386
150.125000	254
150.275000	321
150.300000	313
150.350000	353
150.425000	338
150.450000	308
150.525000	216
150.525000	245
150.600000	400
150.650000	320
150.650000	390
150.650000	502
150.875000	223
150.925000	252
151.075000	352
151.125000	265
151.200000	279
151.275000	301
151.350000	325
151.550000	292
151.825000	304
151.850000	264
151.875000	317
152.150000	268
152.325000	270
152.475000	342
152.575000	341
152.675000	310
152.800000	503
152.825000	345
152.975000	235
153.025000	339
153.225000	255
153.300000	272
153.325000	290
153.400000	377
153.400000	505
153.425000	374
153.525000	242
153.600000	504
154.025000	322
154.050000	278
154.050000	330
154.050000	360
154.050000	369
154.300000	350
154.450000	316
154.525000	346
154.750000	248
154.800000	355
155.300000	387
155.850000	281
155.875000	231
155.875000	289
155.875000	302
155.900000	329
156.200000	288
156.450000	357
156.600000	240
156.975000	305
157.000000	284
157.225000	273
157.300000	501
157.350000	327
157.425000	257
157.500000	394
157.575000	300
157.700000	331
157.775000	502
157.800000	256
157.875000	326
157.975000	370
158.050000	287
158.125000	309
158.475000	260
158.475000	275
158.675000	361
159.225000	372
159.725000	367
160.000000	503
160.025000	299
160.025000	358
160.325000	349
160.350000	504
160.475000	283
160.650000	381
160.700000	282
160.725000	276
161.050000	335
161.250000	274
161.850000	315
162.050000	234
162.150000	306
162.350000	247
162.800000	241
163.025000	337
163.350000	319
163.725000	406
163.850000	334
163.975000	318
164.050000	268
164.175000	286
164.225000	226
164.225000	332
164.750000	303
164.875000	320
164.900000	354
164.975000	312
165.050000	328
165.500000	502
165.700000	348
165.875000	344
166.025000	333
166.125000	325
166.275000	317
166.675000	313
166.800000	258
166.850000	503
167.225000	297
167.800000	343
167.850000	308
168.200000	288
168.200000	505
168.700000	277
168.775000	271
169.000000	504
169.425000	355
169.775000	316
170.125000	302
171.400000	304
175.175000	287
175.225000	282
175.450000	502
177.100000	309
185.175000	503
248.025000	500
249.725000	501
268.625000	504
279.425000	503
